0 0
0.01 0.00309017
0.02 0.00618034
0.03 0.00927051
0.04 0.0123607
0.05 0.0154508
0.06 0.018541
0.07 0.0216312
0.08 0.0247214
0.09 0.0278115
0.1 0.0309017
0.11 0.0339919
0.12 0.037082
0.13 0.0401722
0.14 0.0432624
0.15 0.0463525
0.16 0.0494427
0.17 0.0525329
0.18 0.0556231
0.19 0.0587132
0.2 0.0618034
0.21 0.0648936
0.22 0.0679837
0.23 0.0710739
0.24 0.0741641
0.25 0.0772542
0.26 0.0803444
0.27 0.0834346
0.28 0.0865248
0.29 0.0896149
0.3 0.0927051
0.31 0.0957953
0.32 0.102142
0.33 0.110807
0.34 0.119473
0.35 0.128138
0.36 0.136804
0.37 0.14547
0.38 0.154135
0.39 0.162801
0.4 0.171466
0.41 0.180132
0.42 0.188797
0.43 0.197463
0.44 0.206128
0.45 0.214794
0.46 0.223459
0.47 0.232125
0.48 0.24079
0.49 0.249456
0.5 0.258121
0.51 0.266787
0.52 0.275453
0.53 0.284118
0.54 0.292784
0.55 0.301449
0.56 0.310115
0.57 0.31878
0.58 0.327446
0.59 0.336111
0.6 0.344777
0.61 0.353442
0.62 0.362108
0.63 0.371421
0.64 0.383935
0.65 0.39645
0.66 0.408965
0.67 0.42148
0.68 0.433995
0.69 0.44651
0.7 0.459024
0.71 0.471539
0.72 0.484054
0.73 0.496569
0.74 0.509084
0.75 0.521598
0.76 0.534113
0.77 0.546628
0.78 0.559143
0.79 0.571658
0.8 0.584172
0.81 0.596687
0.82 0.609202
0.83 0.621717
0.84 0.634232
0.85 0.646746
0.86 0.659261
0.87 0.671776
0.88 0.684291
0.89 0.696806
0.9 0.70932
0.91 0.721835
0.92 0.73435
0.93 0.746865
0.94 0.75938
0.95 0.77284
0.96 0.786612
0.97 0.800383
0.98 0.814155
0.99 0.827927
1 0.841699
1.01 0.85547
1.02 0.869242
1.03 0.883014
1.04 0.896786
1.05 0.910557
1.06 0.924329
1.07 0.938101
1.08 0.951873
1.09 0.965644
1.1 0.979416
1.11 0.993188
1.12 1.00696
1.13 1.02073
1.14 1.0345
1.15 1.04827
1.16 1.06205
1.17 1.07582
1.18 1.08959
1.19 1.10336
1.2 1.11713
1.21 1.13091
1.22 1.14468
1.23 1.15845
1.24 1.17222
1.25 1.18599
1.26 1.19915
1.27 1.21111
1.28 1.22307
1.29 1.23503
1.3 1.24699
1.31 1.25894
1.32 1.2709
1.33 1.28286
1.34 1.29482
1.35 1.30677
1.36 1.31873
1.37 1.33069
1.38 1.34265
1.39 1.3546
1.4 1.36656
1.41 1.37852
1.42 1.39048
1.43 1.40244
1.44 1.41439
1.45 1.42635
1.46 1.43831
1.47 1.45027
1.48 1.46222
1.49 1.47418
1.5 1.48614
1.51 1.4981
1.52 1.51006
1.53 1.52201
1.54 1.53397
1.55 1.54593
1.56 1.55789
1.57 1.56984
1.58 1.5773
1.59 1.58436
1.6 1.59142
1.61 1.59849
1.62 1.60555
1.63 1.61261
1.64 1.61968
1.65 1.62674
1.66 1.6338
1.67 1.64087
1.68 1.64793
1.69 1.65499
1.7 1.66206
1.71 1.66912
1.72 1.67618
1.73 1.68325
1.74 1.69031
1.75 1.69737
1.76 1.70444
1.77 1.7115
1.78 1.71857
1.79 1.72563
1.8 1.73269
1.81 1.73976
1.82 1.74682
1.83 1.75388
1.84 1.76095
1.85 1.76801
1.86 1.77507
1.87 1.78214
1.88 1.7892
1.89 1.79248
1.9 1.79205
1.91 1.79162
1.92 1.79118
1.93 1.79075
1.94 1.79032
1.95 1.78989
1.96 1.78946
1.97 1.78902
1.98 1.78859
1.99 1.78816
2 1.78773
2.01 1.78729
2.02 1.78686
2.03 1.78643
2.04 1.786
2.05 1.78557
2.06 1.78513
2.07 1.7847
2.08 1.78427
2.09 1.78384
2.1 1.78341
2.11 1.78297
2.12 1.78254
2.13 1.78211
2.14 1.78168
2.15 1.78124
2.16 1.78081
2.17 1.78038
2.18 1.77995
2.19 1.77952
2.2 1.77827
2.21 1.76866
2.22 1.75905
2.23 1.74945
2.24 1.73984
2.25 1.73023
2.26 1.72062
2.27 1.71101
2.28 1.7014
2.29 1.6918
2.3 1.68219
2.31 1.67258
2.32 1.66297
2.33 1.65336
2.34 1.64375
2.35 1.63415
2.36 1.62454
2.37 1.61493
2.38 1.60532
2.39 1.59571
2.4 1.5861
2.41 1.5765
2.42 1.56689
2.43 1.55728
2.44 1.54767
2.45 1.53806
2.46 1.52845
2.47 1.51884
2.48 1.50924
2.49 1.49963
2.5 1.49002
2.51 1.48041
2.52 1.46434
2.53 1.44513
2.54 1.42592
2.55 1.40671
2.56 1.3875
2.57 1.36829
2.58 1.34908
2.59 1.32987
2.6 1.31065
2.61 1.29144
2.62 1.27223
2.63 1.25302
2.64 1.23381
2.65 1.2146
2.66 1.19539
2.67 1.17617
2.68 1.15696
2.69 1.13775
2.7 1.11854
2.71 1.09933
2.72 1.08012
2.73 1.06091
2.74 1.0417
2.75 1.02248
2.76 1.00327
2.77 0.984062
2.78 0.964851
2.79 0.945639
2.8 0.926428
2.81 0.907217
2.82 0.888005
2.83 0.866587
2.84 0.838775
2.85 0.810964
2.86 0.783152
2.87 0.755341
2.88 0.727529
2.89 0.699718
2.9 0.671906
2.91 0.644095
2.92 0.616283
2.93 0.588472
2.94 0.56066
2.95 0.532848
2.96 0.505037
2.97 0.477225
2.98 0.449414
2.99 0.421602
3 0.393791
3.01 0.365979
3.02 0.338168
3.03 0.310356
3.04 0.282545
3.05 0.254733
3.06 0.226922
3.07 0.19911
3.08 0.171299
3.09 0.143487
3.1 0.115676
3.11 0.087864
3.12 0.0600525
3.13 0.0322409
3.14 0.00442941
3.15 -0.0285781
3.16 -0.06257
3.17 -0.0965619
3.18 -0.130554
3.19 -0.164546
3.2 -0.198537
3.21 -0.232529
3.22 -0.266521
3.23 -0.300513
3.24 -0.334505
3.25 -0.368497
3.26 -0.402489
3.27 -0.436481
3.28 -0.470472
3.29 -0.504464
3.3 -0.538456
3.31 -0.572448
3.32 -0.60644
3.33 -0.640432
3.34 -0.674424
3.35 -0.708416
3.36 -0.742407
3.37 -0.776399
3.38 -0.810391
3.39 -0.844383
3.4 -0.878375
3.41 -0.912367
3.42 -0.946359
3.43 -0.98035
3.44 -1.01434
3.45 -1.04833
3.46 -1.08341
3.47 -1.11995
3.48 -1.15649
3.49 -1.19304
3.5 -1.22958
3.51 -1.26612
3.52 -1.30266
3.53 -1.33921
3.54 -1.37575
3.55 -1.41229
3.56 -1.44883
3.57 -1.48538
3.58 -1.52192
3.59 -1.55846
3.6 -1.595
3.61 -1.63154
3.62 -1.66809
3.63 -1.70463
3.64 -1.74117
3.65 -1.77771
3.66 -1.81426
3.67 -1.8508
3.68 -1.88734
3.69 -1.92388
3.7 -1.96043
3.71 -1.99697
3.72 -2.03351
3.73 -2.07005
3.74 -2.1066
3.75 -2.14314
3.76 -2.17968
3.77 -2.21621
3.78 -2.25084
3.79 -2.28548
3.8 -2.32012
3.81 -2.35476
3.82 -2.3894
3.83 -2.42403
3.84 -2.45867
3.85 -2.49331
3.86 -2.52795
3.87 -2.56259
3.88 -2.59722
3.89 -2.63186
3.9 -2.6665
3.91 -2.70114
3.92 -2.73578
3.93 -2.77041
3.94 -2.80505
3.95 -2.83969
3.96 -2.87433
3.97 -2.90897
3.98 -2.9436
3.99 -2.97824
4 -3.01288
4.01 -3.04752
4.02 -3.08216
4.03 -3.11679
4.04 -3.15143
4.05 -3.18607
4.06 -3.22071
4.07 -3.25535
4.08 -3.28998
4.09 -3.32067
4.1 -3.34865
4.11 -3.37662
4.12 -3.4046
4.13 -3.43257
4.14 -3.46055
4.15 -3.48852
4.16 -3.5165
4.17 -3.54448
4.18 -3.57245
4.19 -3.60043
4.2 -3.6284
4.21 -3.65638
4.22 -3.68435
4.23 -3.71233
4.24 -3.74031
4.25 -3.76828
4.26 -3.79626
4.27 -3.82423
4.28 -3.85221
4.29 -3.88018
4.3 -3.90816
4.31 -3.93614
4.32 -3.96411
4.33 -3.99209
4.34 -4.02006
4.35 -4.04804
4.36 -4.07601
4.37 -4.10399
4.38 -4.13197
4.39 -4.15994
4.4 -4.18595
4.41 -4.2028
4.42 -4.21965
4.43 -4.2365
4.44 -4.25336
4.45 -4.27021
4.46 -4.28706
4.47 -4.30391
4.48 -4.32077
4.49 -4.33762
4.5 -4.35447
4.51 -4.37132
4.52 -4.38817
4.53 -4.40503
4.54 -4.42188
4.55 -4.43873
4.56 -4.45558
4.57 -4.47243
4.58 -4.48929
4.59 -4.50614
4.6 -4.52299
4.61 -4.53984
4.62 -4.55669
4.63 -4.57355
4.64 -4.5904
4.65 -4.60725
4.66 -4.6241
4.67 -4.64095
4.68 -4.65781
4.69 -4.67466
4.7 -4.69151
4.71 -4.70836
4.72 -4.71404
4.73 -4.71621
4.74 -4.71838
4.75 -4.72055
4.76 -4.72272
4.77 -4.72489
4.78 -4.72705
4.79 -4.72922
4.8 -4.73139
4.81 -4.73356
4.82 -4.73573
4.83 -4.7379
4.84 -4.74007
4.85 -4.74224
4.86 -4.74441
4.87 -4.74658
4.88 -4.74874
4.89 -4.75091
4.9 -4.75308
4.91 -4.75525
4.92 -4.75742
4.93 -4.75959
4.94 -4.76176
4.95 -4.76393
4.96 -4.7661
4.97 -4.76827
4.98 -4.77043
4.99 -4.7726
5 -4.77477
5.01 -4.77694
5.02 -4.77911
5.03 -4.77548
5.04 -4.76084
5.05 -4.74621
5.06 -4.73157
5.07 -4.71693
5.08 -4.7023
5.09 -4.68766
5.1 -4.67303
5.11 -4.65839
5.12 -4.64375
5.13 -4.62912
5.14 -4.61448
5.15 -4.59985
5.16 -4.58521
5.17 -4.57057
5.18 -4.55594
5.19 -4.5413
5.2 -4.52666
5.21 -4.51203
5.22 -4.49739
5.23 -4.48276
5.24 -4.46812
5.25 -4.45348
5.26 -4.43885
5.27 -4.42421
5.28 -4.40958
5.29 -4.39494
5.3 -4.3803
5.31 -4.36567
5.32 -4.35103
5.33 -4.33639
5.34 -4.32176
5.35 -4.29124
5.36 -4.25951
5.37 -4.22777
5.38 -4.19604
5.39 -4.16431
5.4 -4.13258
5.41 -4.10085
5.42 -4.06912
5.43 -4.03738
5.44 -4.00565
5.45 -3.97392
5.46 -3.94219
5.47 -3.91046
5.48 -3.87873
5.49 -3.847
5.5 -3.81526
5.51 -3.78353
5.52 -3.7518
5.53 -3.72007
5.54 -3.68834
5.55 -3.65661
5.56 -3.62487
5.57 -3.59314
5.58 -3.56141
5.59 -3.52968
5.6 -3.49795
5.61 -3.46622
5.62 -3.43448
5.63 -3.40275
5.64 -3.37102
5.65 -3.33929
5.66 -3.29968
5.67 -3.25259
5.68 -3.2055
5.69 -3.15841
5.7 -3.11132
5.71 -3.06424
5.72 -3.01715
5.73 -2.97006
5.74 -2.92297
5.75 -2.87588
5.76 -2.82879
5.77 -2.78171
5.78 -2.73462
5.79 -2.68753
5.8 -2.64044
5.81 -2.59335
5.82 -2.54627
5.83 -2.49918
5.84 -2.45209
5.85 -2.405
5.86 -2.35791
5.87 -2.31083
5.88 -2.26374
5.89 -2.21665
5.9 -2.16956
5.91 -2.12247
5.92 -2.07538
5.93 -2.0283
5.94 -1.98121
5.95 -1.93412
5.96 -1.88703
