0.454846
0.028579
0.903091
0.080002
0.422498
0.994953
0.176344
0.628787
0.836617
0.946425
0.507800
0.338978
0.027790
0.900326
0.361674
0.923304
0.899913
0.938040
0.926781
0.831729
0.917276
0.566661
0.413081
0.211863
0.664421
0.953648
0.761619
0.978687
0.801784
0.824118
0.581144
0.931708
0.372773
0.610932
0.632898
0.136572
0.683700
0.726755
0.451815
0.473865
0.928645
0.226525
0.152314
0.218488
0.496692
0.305398
0.257718
0.257424
0.437187
0.954135
0.604807
0.481300
0.905702
0.109524
0.303209
0.535922
0.933624
0.995885
0.120134
0.424650
0.500036
0.274763
0.964782
0.982263
0.406399
0.588792
0.766672
0.457898
0.710977
0.103605
0.584850
0.951113
0.647943
0.484935
0.309783
0.234427
0.790278
0.179105
0.589601
0.201530
0.299218
0.941700
0.342900
0.327173
0.096994
0.844883
0.330622
0.777603
0.693391
0.817573
0.121571
0.224911
0.757503
0.479418
0.475121
0.691184
0.749532
0.229349
0.709006
0.465713
0.487193
0.368627
0.251074
0.028309
0.218982
0.368176
0.976252
0.092204
0.992195
0.137932
0.491283
0.109732
0.045031
0.494744
0.590933
0.512613
0.905646
0.643526
0.214302
0.375990
0.460826
0.838008
0.375576
0.282305
0.655367
0.942216
0.430363
0.738749
0.720920
0.107188
0.319843
0.282386
0.008475
0.460280
0.966889
0.242681
0.038635
0.593410
0.090584
0.265134
0.293324
0.763913
0.370887
0.015947
0.384418
0.385169
0.099426
0.760440
0.460296
0.397395
0.364425
0.652370
0.289644
0.050928
0.059690
0.893076
0.210366
0.099769
0.904640
0.364691
0.695794
0.252510
0.492756
0.747554
0.393982
0.336852
0.631134
0.475830
0.190727
0.144524
0.828558
0.535481
0.762679
0.492596
0.371306
0.073866
0.681756
0.087944
0.585710
0.969742
0.942013
0.252288
0.418159
0.946497
0.669492
0.160047
0.613835
0.930498
0.186717
0.679843
0.495262
0.232005
0.806949
0.178261
0.534007
0.719913
0.077708
0.242362
0.680015
0.576326
0.355130
0.472102
0.322745
0.945665
0.825351
0.567419
0.069080
0.969585
0.479353
0.435190
0.450874
0.347743
0.254613
0.031956
0.638747
0.850505
0.069807
0.968483
0.110586
0.688660
0.865062
0.376435
0.578233
0.513397
0.915361
0.286171
0.842387
0.164156
0.582319
0.413860
0.355334
0.329952
0.611377
0.197320
0.308171
0.659614
0.947466
0.560500
0.911567
0.806888
0.540322
0.899169
0.047503
0.576823
0.527013
0.353615
0.677859
0.040488
0.628196
0.522105
0.801220
0.886399
0.268451
0.341261
0.552058
0.700401
0.350324
0.151694
0.389835
0.523082
0.375016
0.730146
0.585980
0.277604
0.636817
0.819739
0.193759
0.234286
0.028193
0.959814
0.892382
0.965190
0.910996
0.004178
0.998181
0.516698
0.947610
0.934864
0.201237
0.205721
0.483354
0.506776
0.337546
0.331395
0.345361
0.991649
0.569835
0.635148
0.919126
0.187861
0.502846
0.874847
0.305430
0.801882
0.982717
0.880849
0.799291
0.929002
0.059550
0.801333
0.998764
0.322799
0.965130
0.430130
0.502858
0.367355
0.064793
0.941755
0.430692
0.592000
0.877619
0.575554
0.252514
0.399511
0.169526
0.744422
0.609738
0.634831
0.259612
0.264788
0.686256
0.188029
0.444648
0.375378
0.125554
0.003122
0.446244
0.535141
0.644354
0.420443
0.079709
0.658936
0.128543
0.496350
0.695408
0.096827
0.694021
0.868381
0.068592
0.813544
0.614883
0.429753
0.230940
0.543951
0.153421
0.873530
0.618662
0.243748
0.738070
0.408656
0.933047
0.618574
0.022138
0.247547
0.298171
0.485948
0.591702
0.944241
0.888538
0.930690
0.277009
0.214603
0.871308
0.773783
0.538112
0.403230
0.651098
0.545789
0.450227
0.448103
0.361059
0.588425
0.693618
0.722414
0.855813
0.891686
0.270848
0.957233
0.127176
0.989702
0.623503
0.038691
0.782329
0.507599
0.421400
0.564324
0.649795
0.485893
0.648494
0.886270
0.567483
0.260988
0.137993
0.980643
0.268895
0.693210
0.419397
0.894883
0.030940
0.791480
0.465377
0.036047
0.345540
0.060374
0.577650
0.986378
0.496304
0.106203
0.467630
0.447064
0.182967
0.489391
0.386971
0.911748
0.565393
0.447187
0.590673
0.618299
0.573873
0.770504
0.194885
0.596643
0.534772
0.778993
0.674574
0.363674
0.024843
0.367498
0.462823
0.170651
0.031375
0.503537
0.821602
0.106848
0.549662
0.238938
0.889585
0.744092
0.487970
0.299122
0.440244
0.074294
0.420349
0.061572
0.845371
0.965798
0.279413
0.301949
0.305921
0.229825
0.418043
0.434055
0.932213
0.146344
0.697097
0.200968
0.405897
0.215986
0.935474
0.382326
0.991499
0.263407
0.451689
0.200656
0.668854
0.365584
0.748533
0.762359
0.290452
0.479405
0.063194
0.221409
0.418906
0.925707
0.396569
0.961684
0.936766
0.896305
0.322574
0.153484
0.539305
0.996952
0.889317
0.638006
0.794286
0.148464
0.990619
0.457976
0.882850
0.332189
0.892974
0.101379
0.302435
0.091580
0.037419
0.917117
0.424034
0.062016
0.638726
0.345839
0.638302
0.284328
0.019788
0.876199
0.012212
0.618186
0.544113
0.667035
0.602613
0.178964
0.644128
0.890742
0.355571
0.611623
0.940953
0.264350
0.459494
0.938164
0.168716
0.295032
0.042463
0.188253
0.363084
0.219113
0.714788
0.577599
0.062053
0.841984
0.989654
0.433729
0.563034
0.764975
0.478842
0.697201
0.252892
0.229277
0.696300
0.727214
0.798782
0.822147
0.627030
0.408836
0.382730
0.023046
0.077977
0.554770
0.960108
0.354121
0.444961
0.194042
0.703016
0.217910
0.456844
0.184465
0.788572
0.223673
0.825148
0.332734
0.647004
0.430945
0.492021
0.778192
0.786021
0.874341
0.368092
0.232259
0.650138
0.517211
0.448549
0.969280
0.403561
0.344249
0.933089
0.455901
0.493054
0.215765
0.223751
0.670322
0.756269
0.831056
0.282718
0.500906
0.297710
0.287609
0.976638
0.892276
0.418486
0.269977
0.469842
0.408351
0.319870
0.490819
0.038964
0.653709
0.820341
0.161231
0.527085
0.100620
0.850110
0.653146
0.025809
0.638182
0.388259
0.188939
0.836146
0.937013
0.860695
0.048644
0.709071
0.118114
0.850472
0.010416
0.277915
0.353961
0.517144
0.262469
0.269026
0.805075
0.063191
0.962944
0.894278
0.613567
0.310974
0.736714
0.997081
0.709287
0.303848
0.334554
0.328586
0.622656
0.364074
0.230252
0.387157
0.795247
0.224939
0.275994
0.754194
0.504255
0.405344
0.496796
0.823588
0.205704
0.565295
0.392962
0.349061
0.104388
0.026695
0.587955
0.750245
0.092847
0.275188
0.550885
0.629321
0.899315
0.088182
0.321843
0.288525
0.643405
0.927478
0.448893
0.115852
0.831796
0.560996
0.622831
0.761193
0.713456
0.159123
0.075335
0.875258
0.449713
0.672255
0.634338
0.474475
0.599100
0.415639
0.244086
0.450295
0.346345
0.946931
0.734082
0.412649
0.860759
0.455705
0.029053
0.574695
0.308813
0.630005
0.839994
0.207320
0.791694
0.913920
0.063709
0.853418
0.769713
0.015840
0.685073
0.857861
0.075467
0.716783
0.353155
0.281807
0.126645
0.411984
0.060701
0.200004
0.412389
0.300283
0.458100
0.075689
0.245360
0.821043
0.380509
0.046298
0.411635
0.387084
0.653338
0.789418
0.994440
0.936987
0.300662
0.255202
0.843518
0.547068
0.937713
0.109916
0.972931
0.721144
0.547479
0.724802
0.425553
0.887105
0.578199
0.032213
0.687061
0.648410
0.549578
0.452660
0.676270
0.994226
0.207680
0.345584
0.308144
0.695568
0.949283
0.355071
0.012344
0.690936
0.364135
0.489273
0.801019
0.281360
0.576831
0.497002
0.187461
0.252246
0.758385
0.872922
0.650834
0.661880
0.010932
0.748237
0.375443
0.481049
0.488199
0.699229
0.635706
0.735048
0.420540
0.651782
0.685502
0.441811
0.878468
0.174953
0.093795
0.814388
0.985241
0.467326
0.664098
0.712086
0.620349
0.751300
0.915508
0.695001
0.825416
0.935552
0.385729
0.727224
0.406655
0.695843
0.055081
0.253596
0.038423
0.298388
0.064068
0.165672
0.316466
0.865506
0.700459
0.899626
0.133306
0.505742
0.725248
0.350621
0.788828
0.023799
0.366424
0.426010
0.884067
0.341073
0.376651
0.328292
0.143574
0.425334
0.083091
0.195648
0.380356
0.406124
0.277447
0.624010
0.256736
0.676824
0.540426
0.143840
0.844444
0.519423
0.371218
0.674249
0.178645
0.076136
0.519124
0.776959
0.604665
0.103643
0.676336
0.586169
0.194759
0.729584
0.189175
0.204133
0.468007
0.563692
0.446402
0.185754
0.072417
0.752555
0.889680
0.251415
0.618373
0.490401
0.210870
0.281426
0.011119
0.769694
0.816949
0.876858
0.082026
0.763934
0.385096
0.692161
0.119613
0.748229
0.642638
0.430095
0.748059
0.276561
0.999413
0.867362
0.079966
0.921685
0.459658
0.781486
0.909238
0.046178
0.238414
0.860395
0.026981
0.191092
0.610825
0.983579
0.297377
0.949979
0.904494
0.008461
0.570718
0.926941
0.893686
0.921583
0.627437
0.171947
0.623788
0.918579
0.320548
0.537521
0.354678
0.359746
0.735821
0.728311
0.598017
0.262744
0.231086
0.517888
0.386784
0.896960
0.500896
0.111913
0.972329
0.444930
0.583507
0.948635
0.127028
0.607651
0.867535
0.179405
0.437080
0.418409
0.440173
0.574716
0.213672
0.562901
0.462539
0.894466
0.510636
0.803913
0.966140
0.662011
0.807684
0.001996
0.484068
0.435745
0.060554
0.987525
0.098066
0.802909
0.409011
0.656008
0.775759
0.479977
0.012193
0.061716
0.659170
0.722100
0.405456
0.612727
0.254989
0.178734
0.866583
0.313789
0.168314
0.919874
0.480388
0.156193
0.154798
0.461542
0.603514
0.463057
0.271971
0.682636
0.975276
0.214298
0.860252
0.818586
0.781168
0.001394
0.939709
0.588945
0.053992
0.404338
0.472585
0.642982
0.160192
0.801374
0.307027
0.144305
0.048077
0.179121
0.618238
0.545629
0.977977
0.622041
0.323773
0.589039
0.675612
0.245171
0.434950
0.794879
0.078014
0.264405
0.172043
0.240967
0.921087
0.249745
0.113363
0.178783
0.459541
0.907104
0.754359
0.958259
0.239632
0.714877
0.850108
