0.655169
0.555368
0.548161
0.181882
0.835254
0.403320
0.949177
0.741510
0.438446
0.576785
0.490362
0.383391
0.650173
0.235734
0.357370
0.786518
0.958433
0.014654
0.755141
0.102296
0.673052
0.736439
0.382270
0.099272
0.407435
0.158746
0.922705
0.532250
0.344766
0.524387
0.873166
0.785899
0.428160
0.934733
0.437910
0.124948
0.993325
0.184755
0.454292
0.976723
0.983931
0.062285
0.371623
0.941831
0.384769
0.908897
0.043602
0.531803
0.962152
0.226943
0.563688
0.783331
0.341918
0.481804
0.023860
0.235840
0.083399
0.853111
0.108146
0.804406
0.190232
0.436365
0.735234
0.373935
0.699145
0.800106
0.354509
0.626383
0.813161
0.207985
0.893563
0.506118
0.872506
0.407120
0.680596
0.518359
0.231097
0.212721
0.101361
0.067584
0.293491
0.005424
0.919516
0.131973
0.452642
0.997566
0.707170
0.312179
0.868083
0.206876
0.666872
0.678874
0.562667
0.198204
0.129569
0.990388
0.832400
0.498714
0.543518
0.186147
0.616296
0.918097
0.741503
0.980710
0.127883
0.188720
0.115405
0.075573
0.289797
0.371901
0.611533
0.927947
0.231077
0.583091
0.552794
0.924632
0.180863
0.787696
0.333985
0.811230
0.021907
0.484024
0.671044
0.817266
0.169876
0.504073
0.894083
0.385851
0.671171
0.236825
0.038564
0.993436
0.264683
0.957794
0.466923
0.495965
0.622745
0.209839
0.888316
0.612225
0.762145
0.784825
0.593906
0.274554
0.959096
0.922620
0.034211
0.209716
0.278420
0.641176
0.681116
0.314769
0.530851
0.902619
0.549804
0.428566
0.489471
0.286094
0.741128
0.511131
0.889850
0.000905
0.706977
0.463935
0.282812
0.105233
0.506956
0.694984
0.538357
0.884049
0.915156
0.447246
0.010205
0.172001
0.442025
0.877706
0.639092
0.185633
0.148140
0.503485
0.334355
0.399678
0.366615
0.361233
0.924534
0.116309
0.663517
0.184055
0.244698
0.151603
0.690109
0.952944
0.160229
0.600884
0.860710
0.610169
0.953009
0.534278
0.919225
0.864523
0.071009
0.134608
0.162374
0.485310
0.914710
0.294908
0.598722
0.258453
0.752784
0.776284
0.846288
0.247873
0.851185
0.727638
0.521545
0.834481
0.066359
0.503665
0.484367
0.878112
0.394342
0.583668
0.401762
0.134891
0.928081
0.502233
0.607808
0.829878
0.538265
0.629761
0.093167
0.827141
0.532487
0.191306
0.309579
0.252320
0.769337
0.214300
0.903482
0.074442
0.586967
0.430891
0.200774
0.659902
0.863208
0.845694
0.833453
0.300238
0.184342
0.588063
0.356340
0.032268
0.001038
0.244246
0.536105
0.141363
0.212475
0.223700
0.870811
0.013004
0.188248
0.501124
0.142098
0.917989
0.389380
0.700498
0.095414
0.508146
0.476020
0.846178
0.692925
0.908154
0.603638
0.234052
0.311435
0.225716
0.107426
0.882177
0.886302
0.959147
0.408482
0.189288
0.649766
0.326032
0.407502
0.109784
0.165083
0.734328
0.134409
0.325672
0.806581
0.325924
0.426160
0.894482
0.622673
0.046013
0.750139
0.516430
0.674745
0.613062
0.984260
0.250312
0.951835
0.950634
0.756925
0.620439
0.920841
0.570976
0.535624
0.909520
0.775229
0.525485
0.768439
0.943663
0.744029
0.526869
0.129253
0.748962
0.208639
0.543790
0.908503
0.126096
0.668558
0.622079
0.374120
0.537678
0.731338
0.506123
0.043570
0.366815
0.276081
0.314763
0.820575
0.021499
0.694504
0.210824
0.497658
0.076273
0.815144
0.352701
0.272732
0.890105
0.139291
0.433797
0.596390
0.762941
0.164586
0.057359
0.727361
0.429289
0.094637
0.184237
0.063469
0.447958
0.299428
0.308983
0.243338
0.826952
0.116878
0.145413
0.225932
0.045742
0.053461
0.700270
0.496519
0.623861
0.856327
0.370690
0.100067
0.911696
0.062055
0.685081
0.842343
0.825586
0.007178
0.283263
0.134781
0.765212
0.769306
0.938120
0.534928
0.115854
0.981001
0.543026
0.559977
0.289516
0.547214
0.418662
0.411191
0.333376
0.760083
0.406160
0.086928
0.331959
0.800044
0.457498
0.792216
0.371141
0.400588
0.049681
0.473702
0.392403
0.551592
0.810392
0.049579
0.628171
0.132272
0.769506
0.344663
0.844916
0.720236
0.169141
0.105515
0.654034
0.750556
0.569936
0.872919
0.455489
0.262924
0.115566
0.116129
0.169955
0.801071
0.348721
0.618827
0.472436
0.547162
0.277453
0.036409
0.704816
0.942252
0.211104
0.685368
0.689991
0.775970
0.343527
0.588584
0.355360
0.738614
0.108194
0.181800
0.546349
0.063338
0.411248
0.828152
0.694489
0.204181
0.298134
0.282882
0.122871
0.724198
0.397300
0.650957
0.982650
0.770341
0.046574
0.564620
0.715745
0.251187
0.289520
0.067826
0.906044
0.496741
0.710658
0.198112
0.984217
0.570457
0.728385
0.369288
0.270038
0.707986
0.568886
0.493308
0.879918
0.542956
0.011004
0.707626
0.070552
0.149659
0.013476
0.418944
0.121818
0.655244
0.508045
0.673414
0.937453
0.587452
0.654271
0.284675
0.590468
0.367176
0.717176
0.646768
0.579728
0.491246
0.977856
0.354620
0.971567
0.366418
0.576023
0.341507
0.760334
0.070681
0.345438
0.642836
0.126234
0.511262
0.385435
0.376945
0.321459
0.180975
0.459812
0.829609
0.279823
0.594066
0.252785
0.405703
0.231275
0.382862
0.214611
0.281651
0.212784
0.745023
0.873679
0.918934
0.007691
0.564197
0.715497
0.757388
0.520608
0.574700
0.283729
0.871922
0.404181
0.499676
0.243311
0.257313
0.511286
0.332317
0.460078
0.515334
0.483187
0.805131
0.831879
0.444712
0.780168
0.142049
0.977763
0.541695
0.136290
0.022346
0.459821
0.764886
0.818939
0.277745
0.806254
0.299816
0.103042
0.856204
0.991493
0.836941
0.664270
0.768073
0.978064
0.332487
0.736841
0.109442
0.419859
0.557983
0.444418
0.500372
0.337444
0.943151
0.391935
0.411268
0.487017
0.618470
0.502219
0.686622
0.592751
0.421314
0.579184
0.756418
0.271590
0.426788
0.599696
0.242538
0.838104
0.778960
0.322926
0.858549
0.888043
0.719646
0.562896
0.938848
0.169012
0.718334
0.282446
0.680591
0.935228
0.089004
0.837589
0.870983
0.041413
0.504499
0.517028
0.936240
0.466961
0.261388
0.356868
0.095998
0.304788
0.303020
0.469602
0.909766
0.233556
0.861305
0.126971
0.813596
0.243809
0.277564
0.367392
0.044923
0.375781
0.940294
0.290888
0.786873
0.535410
0.519405
0.440009
0.653998
0.047692
0.060543
0.985867
0.284525
0.967884
0.239390
0.159107
0.496587
0.236732
0.961192
0.621760
0.247491
0.776157
0.061863
0.644682
0.218104
0.345013
0.103287
0.777527
0.264857
0.070417
0.209550
0.413377
0.862238
0.610370
0.602655
0.796677
0.612371
0.988098
0.473952
0.834083
0.166026
0.788105
0.210906
0.696881
0.851449
0.862719
0.177193
0.991112
0.802240
0.652438
0.842637
0.224663
0.416261
0.148843
0.777709
0.758210
0.973441
0.802856
0.609173
0.247339
0.948840
0.747346
0.494883
0.390413
0.777700
0.230352
0.992078
0.438304
0.659618
0.673237
0.422776
0.113867
0.249902
0.370994
0.398159
0.033631
0.310719
0.612708
0.313061
0.322131
0.873840
0.358759
0.150121
0.939522
0.139902
0.063216
0.333966
0.216488
0.424462
0.363680
0.537027
0.027568
0.550101
0.644301
0.044805
0.630576
0.267079
0.559221
0.496137
0.242172
0.248490
0.600283
0.483543
0.697451
0.112493
0.764728
0.175291
0.134841
0.241612
0.953323
0.455874
0.853821
0.866712
0.437428
0.745858
0.405277
0.817168
0.369047
0.626143
0.524668
0.828510
0.524358
0.590271
0.112190
0.022578
0.369707
0.090821
0.849033
0.776951
0.282171
0.719848
0.526934
0.123102
0.906691
0.872931
0.062499
0.515591
0.772676
0.275078
0.295046
0.858853
0.769231
0.948568
0.239799
0.768584
0.904014
0.166049
0.281563
0.360495
0.547325
0.919594
0.840680
0.661252
0.485161
0.629967
0.278624
0.711085
0.739598
0.666732
0.200884
0.712964
0.882551
0.483513
0.772613
0.742067
0.135694
0.590017
0.334827
0.210967
0.999122
0.296596
0.541586
0.542288
0.222799
0.746599
0.172958
0.232881
0.550508
0.500605
0.452565
0.241213
0.337863
0.530464
0.245076
0.131918
0.203357
0.990632
0.179872
0.497620
0.889320
0.341450
0.164659
0.671103
0.430578
0.811971
0.690790
0.582673
0.725227
0.134802
0.318800
0.015627
0.539919
0.909812
0.233530
0.393821
0.743367
0.377109
0.615415
0.777902
0.658932
0.635527
0.850194
0.748839
0.156296
0.977896
0.479899
0.277152
0.236857
0.195392
0.045600
0.010047
0.123441
0.734185
0.142835
0.059199
0.964777
0.260203
0.120542
0.401900
0.882858
0.004229
0.936485
0.180515
0.346305
0.002276
0.712207
0.790798
0.614022
0.964313
0.550515
0.668471
0.728681
0.835018
0.270759
0.200734
0.295329
0.840119
0.887992
0.738265
0.188269
0.628792
0.758684
0.210535
0.916820
0.811770
0.415948
0.851006
0.918656
0.307729
0.272083
0.591495
0.039547
0.862912
0.999806
0.503678
0.084387
0.089423
0.232826
0.458831
0.316696
0.881141
0.681039
0.833685
0.931335
0.864502
0.366607
0.340948
0.139434
0.648880
0.747195
0.601062
0.342525
0.791086
0.890913
0.190852
0.212075
0.492597
0.152909
0.170669
0.519778
0.378778
0.158239
0.598062
0.108494
0.578691
0.078507
0.371920
0.661464
0.349467
0.808954
0.395398
0.904110
0.899190
0.121789
0.723463
0.534427
0.522296
0.627951
0.192066
0.659675
0.656418
0.812361
0.799046
0.888799
0.913792
0.395462
0.147749
0.367622
0.881024
0.128494
0.003446
0.041237
0.842568
0.546971
0.036030
0.695645
0.036920
0.100663
0.841014
0.985016
0.141452
0.452518
0.585509
0.159464
0.842833
0.458374
0.088162
0.933895
0.240146
0.390606
0.146413
0.324867
0.158579
0.769832
0.487899
0.088128
0.766820
0.789424
0.701910
0.335346
0.696037
0.855938
0.500574
0.447839
0.234427
0.081960
0.909582
0.695777
0.322190
0.365486
0.590602
0.833099
0.614170
0.598289
0.600611
0.625021
0.476417
0.645424
0.955206
0.462921
0.645315
0.925960
0.279589
0.561828
0.305480
0.630007
0.886090
0.075921
