0.011933
0.241918
0.096038
0.888753
0.122574
0.224969
0.595238
0.650287
0.486315
0.819514
0.756286
0.156636
0.928607
0.813194
0.621314
0.831534
0.434248
0.766649
0.185353
0.147826
0.018430
0.953948
0.301641
0.786182
0.149598
0.845276
0.680858
0.071086
0.070074
0.449756
0.881211
0.794205
0.308190
0.095663
0.179918
0.171981
0.532074
0.191241
0.044475
0.852087
0.821886
0.973619
0.496826
0.421330
0.110314
0.816359
0.564908
0.539460
0.583783
0.017702
0.422278
0.592739
0.393608
0.422441
0.188669
0.355532
0.608527
0.511968
0.384117
0.683333
0.063314
0.163510
0.533137
0.988382
0.288997
0.582708
0.904572
0.980908
0.974945
0.348245
0.232894
0.940657
0.473782
0.807657
0.949270
0.786599
0.639833
0.162058
0.844594
0.612739
0.550990
0.445525
0.332387
0.060335
0.248010
0.710589
0.846802
0.317091
0.036150
0.135150
0.590605
0.877498
0.556940
0.198881
0.889679
0.629355
0.287994
0.399909
0.815373
0.331787
0.818358
0.910836
0.970768
0.317574
0.302903
0.814897
0.064720
0.580694
0.930841
0.242237
0.282681
0.467139
0.341534
0.346675
0.032309
0.860773
0.740496
0.156512
0.325785
0.436976
0.567988
0.678892
0.323296
0.074209
0.270533
0.808283
0.923269
0.845628
0.450567
0.732616
0.254572
0.180032
0.932389
0.834999
0.835412
0.068022
0.752055
0.438491
0.500675
0.482209
0.802850
0.298787
0.716544
0.577499
0.727083
0.117608
0.880175
0.450269
0.466125
0.792915
0.015911
0.043095
0.459404
0.446380
0.494322
0.516868
0.177058
0.033347
0.569522
0.243117
0.090127
0.727967
0.970428
0.862392
0.126786
0.064517
0.520974
0.296503
0.824229
0.137624
0.631342
0.831657
0.615089
0.665308
0.014215
0.391730
0.654153
0.297917
0.814334
0.613593
0.044092
0.095675
0.212089
0.320988
0.879840
0.403767
0.643805
0.802639
0.864952
0.954972
0.726396
0.827937
0.907890
0.082902
0.926697
0.948878
0.127894
0.100081
0.811045
0.312078
0.870246
0.379148
0.948091
0.509614
0.329060
0.502591
0.458153
0.594656
0.652449
0.334097
0.554058
0.863432
0.622446
0.587419
0.315033
0.100091
0.892399
0.070263
0.071109
0.067040
0.569301
0.915619
0.356397
0.417761
0.990904
0.594483
0.646386
0.644975
0.237327
0.266899
0.145090
0.571128
0.239340
0.962103
0.969781
0.991326
0.794654
0.134306
0.521538
0.350463
0.271454
0.963910
0.701189
0.390472
0.596386
0.868257
0.800265
0.558215
0.528778
0.657733
0.590452
0.535054
0.356669
0.895561
0.097705
0.954226
0.106885
0.298316
0.658269
0.330418
0.912023
0.848470
0.655812
0.960385
0.047579
0.548624
0.987353
0.643267
0.062504
0.660155
0.054802
0.759299
0.861980
0.311304
0.069600
0.741458
0.752470
0.843296
0.929853
0.642110
0.554438
0.502550
0.214600
0.911189
0.967544
0.186019
0.080342
0.577130
0.400443
0.977672
0.192020
0.365309
0.559530
0.112639
0.635275
0.634844
0.432136
0.056641
0.027378
0.611533
0.564519
0.794533
0.145604
0.622102
0.584658
0.345684
0.347325
0.006004
0.216977
0.436628
0.016825
0.524665
0.965723
0.635833
0.036588
0.140702
0.657527
0.730643
0.808913
0.329385
0.820547
0.121900
0.730451
0.636922
0.569595
0.858418
0.680589
0.935352
0.895575
0.155733
0.988822
0.378073
0.690080
0.607844
0.173362
0.056803
0.184184
0.738792
0.095092
0.448745
0.279751
0.269645
0.662847
0.360617
0.414678
0.829875
0.293459
0.169241
0.872217
0.023989
0.750431
0.792764
0.184812
0.901210
0.156605
0.920101
0.599408
0.066177
0.370091
0.521549
0.122231
0.493474
0.685450
0.961400
0.270668
0.399307
0.532478
0.555226
0.305135
0.212231
0.069736
0.404898
0.531563
0.569771
0.286635
0.915398
0.219465
0.645217
0.984200
0.609354
0.247361
0.917323
0.462255
0.335335
0.569544
0.782905
0.204285
0.634738
0.805733
0.899392
0.634431
0.228188
0.397820
0.776824
0.143238
0.822711
0.598121
0.829330
0.094531
0.874611
0.265305
0.236842
0.044884
0.319648
0.145925
0.211802
0.411868
0.704840
0.409517
0.550112
0.165677
0.992551
0.370856
0.346646
0.396840
0.992582
0.092256
0.484810
0.893944
0.945643
0.173779
0.630871
0.360072
0.377714
0.231938
0.556503
0.043518
0.729703
0.999709
0.853344
0.013768
0.924087
0.306473
0.517816
0.344384
0.584366
0.789772
0.003385
0.708171
0.205501
0.919830
0.982019
0.808801
0.988784
0.502757
0.673140
0.855879
0.380554
0.468783
0.038266
0.702711
0.721189
0.604505
0.815218
0.983764
0.445341
0.140770
0.902927
0.167176
0.533592
0.907810
0.313785
0.184719
0.823615
0.330292
0.095873
0.275951
0.558166
0.271092
0.965757
0.536646
0.939587
0.957685
0.446578
0.871621
0.803133
0.994403
0.427584
0.028259
0.351100
0.799486
0.519954
0.232185
0.900748
0.713098
0.690396
0.118898
0.697492
0.186373
0.495000
0.422570
0.282740
0.773126
0.013318
0.476074
0.815052
0.961480
0.353880
0.902887
0.738640
0.402319
0.162139
0.671804
0.620959
0.837642
0.025824
0.091376
0.077045
0.129325
0.503148
0.873549
0.010013
0.069089
0.449296
0.610620
0.412634
0.846005
0.948309
0.606739
0.599784
0.591954
0.063410
0.819339
0.676563
0.960074
0.403054
0.495821
0.602367
0.407299
0.728892
0.563308
0.751510
0.806264
0.179437
0.682605
0.745515
0.856029
0.090989
0.606778
0.974135
0.932801
0.299488
0.945989
0.914493
0.584382
0.900075
0.246887
0.274365
0.442073
0.825466
0.850389
0.649685
0.099291
0.989787
0.341187
0.145959
0.648959
0.407650
0.892871
0.051454
0.581865
0.535863
0.807336
0.973255
0.704973
0.938105
0.381100
0.761122
0.853793
0.104527
0.786109
0.250489
0.847375
0.023006
0.536436
0.991857
0.894366
0.758048
0.035098
0.231509
0.230098
0.327900
0.000039
0.239855
0.800962
0.979974
0.899327
0.956011
0.217248
0.741871
0.539897
0.337755
0.285632
0.964737
0.115822
0.856307
0.979432
0.563124
0.680433
0.040165
0.380282
0.738877
0.939370
0.151011
0.974021
0.493907
0.487073
0.132923
0.235534
0.920101
0.035184
0.574975
0.204249
0.145711
0.231589
0.551419
0.812391
0.791767
0.609983
0.064930
0.175766
0.720017
0.560093
0.438660
0.896246
0.216093
0.314299
0.761439
0.934882
0.906896
0.930853
0.264078
0.488112
0.542961
0.442630
0.617464
0.970419
0.840918
0.482173
0.801297
0.431808
0.825932
0.924038
0.977594
0.005628
0.188161
0.191065
0.057132
0.592696
0.980344
0.917351
0.955611
0.461487
0.448229
0.729692
0.488982
0.129262
0.192272
0.143695
0.391768
0.364733
0.046402
0.140685
0.687710
0.200535
0.654405
0.834418
0.686690
0.001236
0.109413
0.413320
0.853794
0.713817
0.894744
0.941669
0.365960
0.758793
0.719940
0.102342
0.046955
0.695796
0.434267
0.043319
0.235531
0.499543
0.500949
0.213961
0.865348
0.917932
0.534342
0.978603
0.530506
0.389335
0.460124
0.031504
0.987022
0.720665
0.999623
0.416987
0.857414
0.723862
0.293859
0.430121
0.761217
0.741873
0.923446
0.472187
0.350316
0.555747
0.130098
0.637753
0.429433
0.401661
0.951958
0.865776
0.088495
0.345550
0.587600
0.415444
0.482387
0.988509
0.025361
0.263045
0.593080
0.577244
0.904677
0.059955
0.440259
0.633454
0.254493
0.071227
0.544652
0.657645
0.709407
0.451224
0.409411
0.790756
0.165075
0.751597
0.080760
0.160599
0.456331
0.091493
0.808128
0.452645
0.658523
0.213420
0.944664
0.037984
0.249260
0.318134
0.554794
0.321019
0.510211
0.918025
0.505190
0.420521
0.381747
0.680530
0.646036
0.779946
0.883937
0.499433
0.569538
0.507757
0.968856
0.492805
0.467210
0.378155
0.754181
0.342082
0.378788
0.739838
0.384711
0.782922
0.175503
0.029275
0.911385
0.839976
0.666653
0.104185
0.141700
0.605134
0.568506
0.473618
0.834983
0.157136
0.752089
0.123454
0.651305
0.280993
0.027845
0.776338
0.800607
0.277138
0.057663
0.736040
0.482154
0.441055
0.524911
0.519856
0.238995
0.217928
0.578529
0.116956
0.676698
0.518944
0.596678
0.389477
0.806356
0.151468
0.182727
0.608355
0.833333
0.372715
0.665364
0.568395
0.126545
0.063556
0.355415
0.092060
0.127658
0.679321
0.765080
0.743487
0.647497
0.372922
0.170050
0.516440
0.484584
0.516537
0.251894
0.530821
0.937947
0.878157
0.289181
0.329687
0.341419
0.144602
0.335077
0.800696
0.149892
0.713644
0.851803
0.984139
0.136709
0.762525
0.083302
0.259381
0.857032
0.434655
0.074092
0.654096
0.911987
0.097964
0.040500
0.511114
0.185057
0.846463
0.469693
0.463934
0.348254
0.293553
0.936813
0.239018
0.681690
0.304224
0.488411
0.083550
0.186542
0.727378
0.867007
0.714150
0.976649
0.467521
0.366000
0.909151
0.131655
0.137839
0.353766
0.505607
0.680853
0.949952
0.788410
0.215343
0.871517
0.978369
0.634501
0.430925
0.226041
0.068451
0.337267
0.368228
0.477596
0.070689
0.255896
0.278147
0.604349
0.166150
0.113552
0.396299
0.709322
0.587769
0.654010
0.763946
0.026634
0.864888
0.534910
0.068308
0.248804
0.157726
0.940504
0.671222
0.282882
0.705300
0.404129
0.121188
0.179869
0.885717
0.020556
0.734129
0.704432
0.679823
0.611664
0.269914
0.468306
0.195495
0.022455
0.457219
0.320871
0.702118
0.552329
0.064723
0.778662
0.804600
0.693159
0.533075
0.738402
0.668735
0.216780
0.664745
0.044990
0.713043
0.121311
0.835540
0.754890
0.156579
0.439606
0.329416
0.103187
0.961194
0.691586
0.565835
0.516747
0.561683
0.863791
0.355911
0.209662
0.436481
0.770352
0.475394
0.151446
0.087583
0.868079
0.119631
0.284501
0.205508
0.791175
0.935229
0.858861
0.545793
0.667411
0.074666
0.945677
0.862373
0.901407
0.197496
0.558679
0.761980
0.367478
0.055568
0.359435
0.489366
0.644172
0.102229
0.658094
0.231730
0.551061
0.161092
0.797090
0.589240
0.878753
0.479804
0.576887
0.327303
0.904891
0.840563
0.231415
0.072815
0.442563
