0.972184
0.909648
0.418718
0.129656
0.316455
0.000033
0.351129
0.740505
0.993269
0.956783
0.115006
0.250171
0.918315
0.535969
0.008863
0.730465
0.154336
0.692770
0.991875
0.942010
0.544902
0.607247
0.317042
0.161926
0.217123
0.000009
0.996831
0.657586
0.932502
0.246471
0.953943
0.571361
0.823461
0.248931
0.993919
0.492119
0.169870
0.491884
0.226381
0.160356
0.285473
0.514736
0.778304
0.213231
0.267142
0.778469
0.487799
0.200481
0.124122
0.100910
0.576783
0.684006
0.831696
0.303507
0.142548
0.221430
0.577991
0.682598
0.046591
0.343998
0.214579
0.366797
0.013960
0.610343
0.708925
0.756740
0.451599
0.122770
0.030884
0.568479
0.020787
0.467301
0.402917
0.994318
0.750875
0.636668
0.149363
0.788770
0.334877
0.338220
0.048669
0.542261
0.667619
0.407824
0.499813
0.485570
0.077443
0.527630
0.565622
0.687630
0.033263
0.852714
0.670982
0.692584
0.227300
0.137700
0.280184
0.215479
0.639704
0.162911
0.759285
0.779226
0.361896
0.951300
0.631508
0.633649
0.327421
0.329094
0.512518
0.778420
0.508125
0.522828
0.392059
0.929527
0.055927
0.487759
0.940370
0.416817
0.773023
0.296540
0.017397
0.561974
0.177059
0.829152
0.278669
0.594454
0.401198
0.715665
0.512404
0.955776
0.097940
0.382385
0.079944
0.762842
0.183356
0.469314
0.565026
0.265852
0.862079
0.867343
0.261804
0.062635
0.780471
0.682037
0.167156
0.382225
0.285156
0.253062
0.024107
0.174994
0.335335
0.372098
0.817958
0.975758
0.001245
0.079078
0.625067
0.634827
0.043901
0.259024
0.214330
0.812029
0.792802
0.354703
0.724783
0.186001
0.021190
0.332416
0.456372
0.208758
0.443547
0.307860
0.026270
0.652178
0.309012
0.889661
0.230698
0.822562
0.234783
0.155022
0.883581
0.825049
0.228103
0.621762
0.672608
0.561382
0.018159
0.426154
0.986329
0.168113
0.717941
0.276916
0.688558
0.035783
0.673051
0.066691
0.835431
0.858364
0.581668
0.765299
0.950240
0.854360
0.906027
0.563727
0.378399
0.906392
0.412255
0.530429
0.038999
0.097866
0.375265
0.557635
0.621000
0.361978
0.938754
0.671799
0.636870
0.028747
0.995394
0.237199
0.634932
0.998247
0.378344
0.545197
0.994254
0.003798
0.245154
0.158605
0.377882
0.343337
0.416108
0.212654
0.197411
0.758836
0.102952
0.928770
0.893558
0.855825
0.260248
0.979847
0.216910
0.567757
0.499544
0.222910
0.803622
0.747831
0.587308
0.898544
0.157929
0.596263
0.720177
0.568853
0.189204
0.204588
0.964312
0.736501
0.346775
0.264312
0.087594
0.173659
0.348021
0.610985
0.163082
0.304339
0.579602
0.979405
0.489962
0.855937
0.459396
0.195290
0.035675
0.016767
0.569787
0.001682
0.767894
0.282519
0.083754
0.315620
0.553923
0.913761
0.298866
0.305103
0.820359
0.430449
0.161604
0.561143
0.920929
0.824984
0.050699
0.387715
0.112275
0.554677
0.321880
0.861730
0.884137
0.950904
0.994091
0.710733
0.464510
0.124766
0.745267
0.554556
0.779573
0.748111
0.127919
0.917395
0.509027
0.323105
0.330382
0.496093
0.768696
0.033968
0.740366
0.880337
0.273979
0.168551
0.691938
0.562306
0.862993
0.547091
0.983792
0.008743
0.974770
0.840137
0.743846
0.979710
0.528760
0.226229
0.083768
0.949357
0.114767
0.914032
0.526624
0.202152
0.664047
0.649204
0.514840
0.049013
0.908214
0.281678
0.648799
0.929665
0.402422
0.722496
0.893975
0.342415
0.029313
0.928334
0.236538
0.182289
0.148750
0.569087
0.400275
0.120588
0.511117
0.036915
0.410366
0.423279
0.611672
0.624796
0.289292
0.443207
0.664118
0.319733
0.935955
0.242144
0.914312
0.972699
0.848912
0.444439
0.521840
0.709169
0.305552
0.668120
0.663531
0.702273
0.176694
0.904093
0.781859
0.667637
0.998212
0.587601
0.653919
0.037782
0.890274
0.687839
0.445271
0.740613
0.380562
0.189007
0.980387
0.507216
0.737398
0.365563
0.051194
0.176459
0.373350
0.990656
0.002367
0.435968
0.426029
0.309132
0.374282
0.884150
0.166933
0.403299
0.170529
0.417644
0.146608
0.612282
0.821303
0.177248
0.998473
0.988870
0.693158
0.576339
0.088661
0.439426
0.748672
0.282977
0.670190
0.277756
0.455155
0.159078
0.923589
0.055590
0.125657
0.935273
0.919228
0.495018
0.283150
0.090441
0.821390
0.066436
0.559930
0.246266
0.018637
0.820204
0.238235
0.333626
0.242690
0.523149
0.267661
0.652845
0.612498
0.545587
0.848160
0.001520
0.214016
0.113523
0.623002
0.019660
0.018471
0.460322
0.947610
0.863381
0.227285
0.047257
0.044061
0.804228
0.250269
0.738671
0.647758
0.232425
0.670238
0.515569
0.113928
0.874519
0.683770
0.295351
0.558087
0.696891
0.586782
0.037283
0.491835
0.629841
0.817352
0.904969
0.333302
0.946239
0.920793
0.955440
0.353770
0.463968
0.846758
0.511835
0.839220
0.260846
0.824536
0.484466
0.460850
0.661065
0.693845
0.017006
0.393155
0.727923
0.306888
0.910918
0.709132
0.928842
0.942892
0.937964
0.047210
0.333394
0.767614
0.253938
0.680105
0.311450
0.885377
0.827022
0.183453
0.947508
0.511281
0.764845
0.129766
0.639740
0.832971
0.114563
0.405358
0.109343
0.363108
0.225658
0.789058
0.382563
0.584220
0.979195
0.794282
0.634264
0.211863
0.728364
0.629341
0.762030
0.798480
0.882643
0.344604
0.106257
0.822235
0.850843
0.440461
0.117904
0.318917
0.506805
0.173909
0.948236
0.826127
0.889076
0.465062
0.442142
0.507594
0.087375
0.190558
0.143298
0.654542
0.300494
0.285294
0.072511
0.085363
0.445586
0.791370
0.968566
0.845680
0.460943
0.111816
0.120175
0.568835
0.573461
0.067821
0.802328
0.111722
0.763094
0.035057
0.244862
0.070515
0.677535
0.354931
0.595242
0.254065
0.698031
0.824997
0.630731
0.612466
0.111704
0.350265
0.665352
0.549109
0.865119
0.172229
0.920763
0.814469
0.073767
0.693630
0.216420
0.439454
0.963331
0.937636
0.836008
0.473301
0.218383
0.098790
0.729207
0.926835
0.112486
0.436274
0.293813
0.979036
0.700325
0.277462
0.072765
0.807614
0.424866
0.204228
0.885090
0.636444
0.158880
0.847784
0.361429
0.677014
0.961516
0.300485
0.126311
0.483494
0.621051
0.135376
0.834656
0.927782
0.235591
0.177676
0.318362
0.030919
0.532223
0.705389
0.873214
0.694643
0.839366
0.544695
0.123692
0.972516
0.896117
0.043689
0.229837
0.546347
0.461630
0.342933
0.615150
0.989179
0.637442
0.397202
0.032492
0.834927
0.687981
0.616706
0.823744
0.962792
0.552939
0.550951
0.214109
0.355908
0.926744
0.632619
0.518536
0.752206
0.715400
0.104210
0.240627
0.069711
0.147946
0.403158
0.813000
0.845255
0.759302
0.150018
0.816683
0.340075
0.362210
0.286395
0.884801
0.841957
0.583946
0.235390
0.564320
0.076923
0.158791
0.759735
0.029051
0.730790
0.161142
0.839291
0.256831
0.127093
0.427880
0.981870
0.655078
0.714306
0.020391
0.942426
0.812650
0.262875
0.205435
0.210415
0.615502
0.503507
0.718119
0.155096
0.300057
0.408134
0.483631
0.740363
0.933558
0.645124
0.924199
0.806490
0.500532
0.639223
0.866141
0.089996
0.145564
0.204543
0.420340
0.402047
0.417598
0.319284
0.142084
0.708509
0.274748
0.222132
0.873400
0.049394
0.656342
0.271702
0.756950
0.634389
0.734340
0.825624
0.235633
0.244705
0.055180
0.866357
0.306485
0.419539
0.395429
0.871207
0.634079
0.835859
0.652226
0.101892
0.542102
0.136044
0.634312
0.453256
0.181866
0.088265
0.162289
0.257132
0.441468
0.516294
0.264838
0.555946
0.636551
0.238183
0.776326
0.987279
0.951187
0.452128
0.057470
0.958824
0.992151
0.828893
0.963230
0.659549
0.216508
0.025922
0.063758
0.770440
0.765095
0.120709
0.808884
0.449701
0.454455
0.705516
0.097792
0.531163
0.933104
0.345579
0.663112
0.011930
0.917444
0.729161
0.365002
0.197503
0.593686
0.791100
0.512293
0.424592
0.921998
0.111721
0.847232
0.250926
0.901655
0.320465
0.778759
0.618301
0.321686
0.159940
0.646423
0.950973
0.574352
0.940397
0.464506
0.013478
0.032269
0.655425
0.999150
0.164598
0.222561
0.382234
0.305801
0.619591
0.151401
0.342421
0.210008
0.077617
0.802437
0.869134
0.669542
0.301688
0.232769
0.147313
0.611325
0.479621
0.270284
0.748668
0.093966
0.744547
0.841329
0.726396
0.482870
0.145191
0.021797
0.143336
0.628865
0.886379
0.000680
0.251956
0.286565
0.467011
0.989917
0.186452
0.641155
0.249973
0.578315
0.676093
0.644165
0.959086
0.850101
0.164315
0.140363
0.568455
0.921163
0.717319
0.985623
0.152270
0.914999
0.591653
0.785914
0.134911
0.800659
0.671269
0.947959
0.541732
0.368654
0.569451
0.697723
0.891053
0.819561
0.276893
0.952209
0.271756
0.083940
0.005194
0.745008
0.305967
0.021017
0.359266
0.762440
0.356316
0.359563
0.449111
0.597876
0.060630
0.297993
0.553097
0.972981
0.574516
0.130219
0.814965
0.934656
0.488265
0.737750
0.857818
0.689202
0.959180
0.479351
0.990777
0.574831
0.199824
0.617970
0.234796
0.802215
0.117810
0.309432
0.469235
0.010149
0.839769
0.230829
0.796083
0.035062
0.094781
0.975492
0.763133
0.487256
0.034585
0.980823
0.087146
0.404657
0.483899
0.136741
0.308549
0.575445
0.788468
0.050711
0.878609
0.950065
0.506628
0.863005
0.731639
0.607124
0.630895
0.556805
0.190509
0.418713
0.792813
0.017829
0.442828
0.549044
0.084708
0.222041
0.523858
0.258475
0.024567
0.727952
0.821746
0.774965
0.696285
0.894772
0.395920
0.301736
0.300642
0.410465
0.795414
0.871105
0.863648
0.429134
0.735526
0.173586
0.073965
0.742412
0.622246
0.631496
0.125983
0.236443
0.602164
0.454956
0.132475
0.222841
0.583740
0.790920
0.090620
0.534376
0.633711
0.661126
0.641102
0.035752
0.999045
0.586993
0.914612
0.291910
0.679556
0.388440
0.123515
0.223700
0.583310
0.941851
0.352102
0.369864
0.567146
0.035148
0.091898
0.015424
0.764824
0.982690
