0.183653
0.603643
0.334178
0.643134
0.212252
0.558260
0.072289
0.851720
0.538719
0.182154
0.421442
0.531947
0.620430
0.823120
0.651442
0.952203
0.638096
0.480035
0.080774
0.224899
0.009068
0.402187
0.770345
0.479246
0.633567
0.875422
0.828416
0.712030
0.781436
0.115013
0.618312
0.393125
0.774686
0.003903
0.422595
0.217478
0.313845
0.829641
0.787130
0.460759
0.442104
0.476334
0.037027
0.380914
0.825921
0.111577
0.677322
0.180950
0.563508
0.272760
0.080749
0.479581
0.990721
0.588934
0.932501
0.200164
0.499083
0.813814
0.691196
0.591942
0.565503
0.730062
0.806022
0.343417
0.901746
0.083523
0.522910
0.062871
0.270188
0.128479
0.174593
0.297629
0.676165
0.936747
0.993340
0.930192
0.737951
0.285233
0.806321
0.352229
0.251115
0.186156
0.466953
0.527528
0.346237
0.183329
0.876885
0.238804
0.072606
0.772785
0.837833
0.356230
0.727436
0.153693
0.118663
0.886226
0.595349
0.321085
0.608498
0.203940
0.754252
0.391108
0.101014
0.205373
0.385416
0.295361
0.037994
0.000322
0.882711
0.858660
0.851023
0.037951
0.412349
0.379721
0.841488
0.262803
0.874462
0.886351
0.255584
0.707950
0.070194
0.103168
0.773202
0.401016
0.754486
0.785704
0.544330
0.693372
0.848616
0.265904
0.525989
0.865406
0.373131
0.049621
0.154722
0.072157
0.315814
0.385877
0.706045
0.673448
0.112012
0.916994
0.878038
0.121932
0.283156
0.457921
0.760521
0.436913
0.738113
0.056389
0.867759
0.595067
0.747587
0.522949
0.230938
0.104021
0.488357
0.328530
0.539459
0.283065
0.472202
0.100191
0.779012
0.879571
0.335474
0.647492
0.093088
0.809908
0.273009
0.781362
0.662149
0.540768
0.375312
0.224660
0.336164
0.309447
0.589429
0.124626
0.695648
0.656673
0.585016
0.989530
0.751595
0.120412
0.802375
0.970148
0.145306
0.210913
0.780131
0.009335
0.105017
0.589469
0.841484
0.904407
0.710245
0.627145
0.853077
0.979643
0.289908
0.990429
0.916501
0.767651
0.437509
0.386707
0.649396
0.295557
0.095317
0.110150
0.781413
0.376282
0.119556
0.243288
0.003974
0.080752
0.040549
0.670660
0.874800
0.130250
0.406239
0.532266
0.903905
0.582375
0.888825
0.656811
0.488038
0.848451
0.964034
0.218493
0.121320
0.949227
0.265741
0.100234
0.230220
0.306059
0.066933
0.485768
0.236858
0.198446
0.282075
0.854065
0.338196
0.958943
0.028306
0.405205
0.595526
0.011924
0.512742
0.560409
0.344786
0.010774
0.505620
0.770832
0.203650
0.816619
0.009995
0.930406
0.830126
0.774654
0.935346
0.495605
0.300586
0.645811
0.275913
0.619954
0.737324
0.585569
0.004678
0.326973
0.511126
0.508764
0.204178
0.899969
0.792657
0.984252
0.953867
0.103977
0.821550
0.079140
0.221874
0.521289
0.995633
0.280559
0.783161
0.806659
0.845267
0.296462
0.538709
0.870466
0.826614
0.632094
0.618026
0.951443
0.856487
0.550902
0.610668
0.695828
0.804612
0.685493
0.830878
0.792401
0.736209
0.130675
0.498424
0.784681
0.850070
0.416185
0.171427
0.418243
0.404680
0.540809
0.980542
0.478439
0.322283
0.631631
0.041795
0.599801
0.370113
0.338751
0.347176
0.801850
0.930264
0.784637
0.599429
0.542266
0.566322
0.036101
0.772129
0.840765
0.427925
0.715840
0.879494
0.438312
0.363297
0.204727
0.911745
0.665825
0.491468
0.029246
0.491225
0.656739
0.134168
0.666243
0.765762
0.913422
0.943643
0.226563
0.631870
0.187174
0.841217
0.670135
0.226446
0.078549
0.322785
0.362837
0.441860
0.716685
0.490005
0.213690
0.848077
0.241308
0.579070
0.444909
0.033481
0.919888
0.427231
0.814705
0.510847
0.609573
0.728231
0.674796
0.238551
0.612908
0.428314
0.779754
0.262876
0.076823
0.432147
0.258691
0.011034
0.961523
0.823413
0.268210
0.159982
0.772427
0.395604
0.290181
0.679290
0.163437
0.959644
0.420592
0.059144
0.732209
0.687295
0.092211
0.408949
0.766663
0.299729
0.370278
0.577700
0.974162
0.304819
0.804646
0.541999
0.375342
0.575494
0.926932
0.142186
0.017405
0.950080
0.239740
0.668415
0.567963
0.882352
0.337404
0.537639
0.105077
0.530770
0.982163
0.978755
0.978323
0.697546
0.111664
0.153354
0.769509
0.524336
0.115953
0.836905
0.903882
0.766525
0.259303
0.926536
0.593027
0.386485
0.423059
0.885827
0.112146
0.390280
0.332796
0.055887
0.123118
0.176015
0.519466
0.415416
0.928472
0.149702
0.708778
0.671982
0.835856
0.664653
0.738765
0.734403
0.036571
0.878934
0.539401
0.179270
0.700149
0.667597
0.796523
0.050416
0.202757
0.755355
0.777997
0.696425
0.120721
0.710949
0.296062
0.760212
0.679508
0.364885
0.667523
0.872377
0.786034
0.472525
0.844326
0.310566
0.151269
0.627456
0.925901
0.685441
0.373738
0.503500
0.979625
0.738575
0.557450
0.877560
0.975204
0.421789
0.360695
0.043524
0.608671
0.811417
0.781590
0.731069
0.607133
0.837887
0.836390
0.551754
0.920208
0.242689
0.635504
0.800822
0.588450
0.522120
0.292625
0.385178
0.970022
0.957798
0.028794
0.981227
0.797840
0.827940
0.395905
0.969661
0.084175
0.212636
0.375248
0.318601
0.993997
0.537204
0.584036
0.814617
0.043046
0.983121
0.709896
0.032795
0.464853
0.639253
0.600606
0.130270
0.236006
0.145512
0.469982
0.953698
0.582798
0.288196
0.798175
0.728004
0.473511
0.559897
0.496532
0.879395
0.322474
0.381905
0.356148
0.062301
0.911851
0.868259
0.858357
0.876454
0.316669
0.041019
0.849132
0.002919
0.735108
0.004272
0.765814
0.890234
0.579931
0.170097
0.320993
0.995000
0.616588
0.680178
0.051479
0.856525
0.383086
0.000717
0.255768
0.786464
0.802753
0.536666
0.726396
0.139310
0.763724
0.987655
0.210462
0.967749
0.561660
0.595997
0.803959
0.539323
0.413563
0.109955
0.119587
0.013366
0.473009
0.487194
0.329277
0.513781
0.732363
0.114599
0.389070
0.059274
0.632241
0.440025
0.078299
0.065559
0.849895
0.762823
0.653957
0.174841
0.574842
0.583125
0.903477
0.567305
0.485298
0.926373
0.211480
0.359558
0.849065
0.919562
0.297833
0.678622
0.767669
0.814517
0.713007
0.720904
0.955244
0.326813
0.152706
0.192430
0.789202
0.982487
0.240357
0.009276
0.278392
0.947093
0.517012
0.626676
0.129130
0.485235
0.394231
0.007275
0.039279
0.324905
0.246062
0.129212
0.793070
0.419270
0.286325
0.534385
0.926623
0.585142
0.713914
0.868268
0.639976
0.790033
0.509399
0.114924
0.342681
0.388503
0.132153
0.004187
0.224588
0.605881
0.097801
0.642412
0.004742
0.312247
0.929104
0.885662
0.647437
0.326486
0.160206
0.637773
0.961753
0.647666
0.403059
0.793149
0.726486
0.342346
0.697871
0.093173
0.356283
0.555367
0.658415
0.068623
0.569727
0.607773
0.378777
0.958165
0.730697
0.547075
0.307605
0.045650
0.437575
0.995525
0.039760
0.675066
0.218394
0.883560
0.731579
0.814459
0.986157
0.051446
0.330248
0.004341
0.144357
0.111045
0.604081
0.661673
0.297575
0.454358
0.426962
0.334488
0.453309
0.884959
0.908638
0.100543
0.996833
0.080897
0.417693
0.902253
0.608037
0.321824
0.690361
0.246598
0.112034
0.229774
0.328744
0.107730
0.179450
0.622471
0.719340
0.432002
0.994380
0.344572
0.100050
0.025551
0.747450
0.733736
0.560265
0.068257
0.337325
0.596194
0.903328
0.236328
0.479675
0.467506
0.361723
0.663800
0.549510
0.679674
0.206527
0.343927
0.910382
0.271683
0.550326
0.573570
0.215337
0.033422
0.898931
0.663916
0.737803
0.604449
0.823127
0.967304
0.392092
0.064917
0.999729
0.583893
0.941950
0.430930
0.949528
0.165286
0.203612
0.317959
0.587770
0.560561
0.442798
0.686110
0.010572
0.714833
0.390523
0.008418
0.387561
0.738613
0.884864
0.591008
0.947344
0.603809
0.197843
0.922917
0.591226
0.983756
0.972232
0.608937
0.478782
0.856689
0.677608
0.600982
0.662834
0.180741
0.462825
0.718525
0.378054
0.146871
0.850878
0.086635
0.961423
0.382390
0.187625
0.810612
0.945175
0.770591
0.098346
0.161866
0.589080
0.028026
0.981116
0.825097
0.079811
0.581246
0.336604
0.656137
0.579996
0.737219
0.468527
0.039839
0.453955
0.025814
0.008842
0.642194
0.431370
0.843456
0.174303
0.859002
0.267335
0.452061
0.285668
0.359193
0.850677
0.682083
0.456369
0.807344
0.930295
0.077086
0.088411
0.685544
0.138924
0.619872
0.888118
0.750483
0.626263
0.777408
0.086990
0.252375
0.961561
0.264164
0.704324
0.450455
0.737977
0.779753
0.062308
0.014623
0.216731
0.922339
0.923820
0.535095
0.213446
0.691139
0.983632
0.903798
0.035454
0.567220
0.018389
0.579246
0.665563
0.909847
0.172830
0.512200
0.073946
0.988452
0.974085
0.533209
0.461531
0.889754
0.502480
0.603340
0.139555
0.963548
0.358045
0.661393
0.408783
0.484623
0.915888
0.933595
0.246460
0.070380
0.310453
0.877100
0.490412
0.824827
0.682575
0.079030
0.170410
0.623187
0.748026
0.879504
0.457583
0.569179
0.779016
0.649283
0.968275
0.926726
0.634671
0.067215
0.692621
0.670382
0.505015
0.847592
0.327720
0.377712
0.395207
0.144215
0.479152
0.612916
0.338090
0.212037
0.611937
0.256059
0.008806
0.715191
0.383755
0.055235
0.109103
0.747678
0.147542
0.622087
0.572928
0.877485
0.603681
0.246469
0.850903
0.185502
0.918174
0.762418
0.026002
0.259243
0.501152
0.116118
0.579646
0.900940
0.690188
0.257733
0.348027
0.005248
0.492221
0.624928
0.815183
0.895099
0.720239
0.876388
0.489150
0.860512
0.267797
0.397586
0.788165
0.889075
0.462642
0.966938
0.385000
0.466030
0.175789
0.592354
0.126206
0.006366
0.932278
0.742961
0.731872
0.012986
0.772178
0.376848
0.442784
0.174853
0.500915
0.999558
0.214057
0.443815
0.277552
0.073201
0.086907
0.358819
0.486193
0.275861
0.040667
0.394472
0.695731
0.445879
0.209350
0.178438
0.176306
0.088272
0.675327
0.387220
0.058479
0.970761
0.447418
0.190871
0.889736
