0.561319
0.509131
0.182681
0.606009
0.186084
0.813025
0.133767
0.045747
0.156727
0.605580
0.106094
0.035506
0.137039
0.408390
0.504202
0.611932
0.326933
0.902649
0.114664
0.634721
0.649192
0.621510
0.269570
0.508736
0.943824
0.522487
0.211839
0.847759
0.760099
0.597037
0.562516
0.912457
0.765442
0.980276
0.188683
0.420192
0.538787
0.111320
0.377828
0.497765
0.860315
0.681307
0.355170
0.147504
0.268797
0.721217
0.814912
0.116390
0.694768
0.467799
0.006778
0.264009
0.928955
0.015374
0.995445
0.948976
0.344636
0.074193
0.254186
0.814369
0.564386
0.759062
0.293453
0.697459
0.229398
0.741173
0.879747
0.212023
0.399299
0.188251
0.199026
0.909845
0.184901
0.600422
0.165039
0.561167
0.692585
0.145582
0.374245
0.371920
0.118688
0.174329
0.718455
0.069745
0.948078
0.323371
0.980011
0.484448
0.965387
0.155514
0.201925
0.244614
0.319910
0.884348
0.303682
0.526298
0.216448
0.833611
0.038555
0.558041
0.121984
0.514883
0.185222
0.792920
0.552288
0.250355
0.831514
0.693802
0.947108
0.788407
0.087719
0.056563
0.821797
0.761006
0.567999
0.872686
0.971625
0.469189
0.722407
0.749088
0.515642
0.913465
0.935155
0.158430
0.587691
0.172002
0.909434
0.076215
0.334021
0.680464
0.693551
0.706781
0.927010
0.898127
0.410618
0.770788
0.956660
0.082628
0.403551
0.995846
0.859026
0.646561
0.876676
0.138385
0.657810
0.222984
0.180407
0.737551
0.393931
0.126629
0.704115
0.965012
0.329053
0.927198
0.443196
0.931994
0.072207
0.959422
0.419449
0.624692
0.724953
0.533631
0.915672
0.628219
0.848915
0.806585
0.464899
0.275284
0.308623
0.243382
0.598520
0.333525
0.464854
0.106683
0.364885
0.636119
0.008877
0.154050
0.145747
0.192804
0.485541
0.908460
0.296931
0.094117
0.147607
0.817255
0.220384
0.137502
0.812734
0.291260
0.143206
0.086986
0.340014
0.406033
0.906802
0.918548
0.217141
0.773760
0.672914
0.933033
0.415278
0.143650
0.781669
0.864403
0.715704
0.698077
0.294045
0.761873
0.589414
0.828097
0.469980
0.881623
0.455367
0.068296
0.713187
0.397225
0.821316
0.133119
0.616811
0.333731
0.810358
0.883222
0.287698
0.255280
0.737315
0.323864
0.479944
0.415660
0.023263
0.686505
0.165272
0.228637
0.653251
0.957650
0.769684
0.733043
0.606482
0.680887
0.439923
0.043983
0.735583
0.176231
0.681046
0.524083
0.600293
0.358746
0.612979
0.120527
0.382336
0.822759
0.999606
0.446415
0.983343
0.490588
0.406361
0.859471
0.702952
0.008107
0.271338
0.176012
0.782855
0.624600
0.276419
0.208610
0.290691
0.289857
0.095323
0.760646
0.973916
0.345618
0.677435
0.404232
0.905006
0.339368
0.230111
0.150867
0.967151
0.581929
0.703020
0.893025
0.058441
0.068193
0.265923
0.642664
0.132191
0.194878
0.815471
0.802126
0.681116
0.314769
0.530851
0.902619
0.549804
0.428566
0.489471
0.286094
0.741128
0.511131
0.889850
0.000905
0.706977
0.463935
0.282812
0.105233
0.506956
0.694984
0.782031
0.588511
0.855639
0.791189
0.428557
0.822759
0.658431
0.949754
0.781423
0.928344
0.915988
0.175507
0.754074
0.550879
0.731523
0.329853
0.730368
0.193106
0.414172
0.062308
0.217227
0.519524
0.542606
0.496857
0.297547
0.163812
0.154523
0.558780
0.142319
0.216860
0.286697
0.650821
0.878139
0.157587
0.387500
0.583257
0.435420
0.822096
0.984913
0.316440
0.458439
0.173637
0.868762
0.488524
0.734187
0.571202
0.632748
0.548199
0.933895
0.549129
0.778320
0.199938
0.193739
0.219139
0.049026
0.194521
0.683110
0.246486
0.340400
0.702509
0.519388
0.310324
0.326690
0.145386
0.079010
0.272897
0.911580
0.026195
0.965400
0.688406
0.253900
0.508487
0.862322
0.009929
0.180238
0.393719
0.925229
0.847733
0.853920
0.012784
0.560347
0.485690
0.026696
0.573958
0.690066
0.146450
0.662038
0.599188
0.848637
0.675930
0.980401
0.860375
0.716957
0.524448
0.273654
0.863187
0.348240
0.104514
0.447603
0.791076
0.825389
0.679682
0.732816
0.451372
0.802368
0.322076
0.980106
0.337605
0.117439
0.409710
0.233769
0.419834
0.642767
0.474892
0.426029
0.710658
0.086899
0.398899
0.585272
0.935653
0.073463
0.383875
0.458427
0.902281
0.923463
0.334124
0.585889
0.976850
0.672416
0.317222
0.395803
0.696998
0.954552
0.651191
0.574001
0.207213
0.588382
0.743379
0.597799
0.788417
0.365406
0.174893
0.242369
0.088270
0.421205
0.242967
0.250909
0.246786
0.737748
0.325271
0.647793
0.007724
0.606863
0.345564
0.704840
0.888560
0.908344
0.372303
0.426603
0.869437
0.193316
0.825171
0.404438
0.657144
0.720781
0.744476
0.394386
0.754301
0.719077
0.370766
0.213474
0.560374
0.873577
0.876775
0.140473
0.272757
0.520841
0.823157
0.115578
0.116260
0.424693
0.812187
0.934074
0.826676
0.556154
0.166628
0.723985
0.980803
0.339591
0.064125
0.316002
0.247301
0.270317
0.397464
0.867106
0.562832
0.061258
0.546043
0.948380
0.352901
0.155397
0.106632
0.687796
0.988279
0.737536
0.278192
0.906983
0.943935
0.963004
0.151072
0.706938
0.564322
0.122392
0.711751
0.201041
0.584751
0.888134
0.174812
0.926565
0.488912
0.384834
0.005777
0.431766
0.160664
0.392842
0.679278
0.888065
0.180744
0.613152
0.166832
0.645571
0.755064
0.588757
0.464711
0.374570
0.272237
0.540606
0.525599
0.093450
0.323480
0.459302
0.151266
0.556337
0.605507
0.028647
0.070844
0.403138
0.050973
0.516448
0.657529
0.458893
0.208397
0.459664
0.712610
0.822320
0.075612
0.474325
0.943848
0.865748
0.425573
0.829297
0.945454
0.139121
0.703542
0.209031
0.724827
0.134409
0.325672
0.806581
0.325924
0.057205
0.870655
0.555425
0.253326
0.092199
0.609121
0.024691
0.346280
0.295724
0.633771
0.878463
0.824599
0.949567
0.010569
0.948352
0.626141
0.996024
0.331212
0.821732
0.699648
0.710909
0.336211
0.407614
0.023003
0.374120
0.537678
0.731338
0.506123
0.043570
0.366815
0.276081
0.314763
0.820575
0.021499
0.694504
0.210824
0.962899
0.562459
0.299541
0.839946
0.146828
0.565801
0.611936
0.477709
0.786002
0.084728
0.294341
0.940381
0.380203
0.172805
0.102113
0.921412
0.798221
0.903120
0.305377
0.419066
0.156050
0.872001
0.358341
0.184061
0.076278
0.944018
0.739326
0.307711
0.458229
0.511249
0.322579
0.491299
0.802386
0.204217
0.072189
0.923683
0.189055
0.223653
0.404085
0.520555
0.335080
0.126677
0.792253
0.849941
0.194363
0.654611
0.085008
0.830498
0.883597
0.138083
0.902687
0.076072
0.271289
0.183972
0.262303
0.419971
0.044429
0.885300
0.662537
0.064594
0.306569
0.982521
0.119742
0.833507
0.637419
0.143451
0.642979
0.713648
0.395630
0.595449
0.964326
0.716051
0.549986
0.113016
0.104177
0.281929
0.158372
0.825350
0.283809
0.962814
0.638969
0.147611
0.348178
0.465076
0.426574
0.992836
0.075246
0.113027
0.588505
0.914326
0.323700
0.313445
0.275819
0.120806
0.853341
0.644880
0.113404
0.401558
0.323091
0.542538
0.742793
0.508996
0.310272
0.141481
0.764470
0.090400
0.614062
0.605098
0.468894
0.470713
0.627212
0.964967
0.541067
0.416431
0.281815
0.598912
0.841761
0.742191
0.873853
0.408259
0.278033
0.924013
0.633749
0.467660
0.996798
0.054029
0.311895
0.629194
0.628865
0.008742
0.724478
0.239570
0.042705
0.333896
0.727898
0.742522
0.541442
0.148940
0.358479
0.812714
0.937931
0.147587
0.554379
0.240325
0.946215
0.902697
0.257378
0.301301
0.134563
0.174737
0.116033
0.383998
0.862429
0.171379
0.020231
0.753996
0.093806
0.140224
0.055158
0.614800
0.748200
0.996938
0.883139
0.824340
0.102296
0.919521
0.399118
0.410322
0.643553
0.934660
0.247880
0.351869
0.077976
0.027247
0.125354
0.885778
0.839157
0.582634
0.035035
0.734474
0.774117
0.607820
0.947229
0.698966
0.857862
0.519666
0.207333
0.827770
0.991580
0.368827
0.467372
0.893666
0.307745
0.120663
0.307890
0.621102
0.691484
0.689883
0.376398
0.932578
0.871547
0.491520
0.471214
0.954484
0.538273
0.693286
0.549391
0.158827
0.535883
0.529741
0.013996
0.899557
0.077004
0.088493
0.731944
0.992757
0.484615
0.736463
0.218034
0.335081
0.418409
0.952516
0.209650
0.850145
0.890007
0.001123
0.699035
0.367236
0.357292
0.695204
0.678179
0.576519
0.713289
0.523653
0.129565
0.958549
0.653641
0.926288
0.689347
0.320206
0.718275
0.379348
0.639294
0.707542
0.680235
0.540833
0.997251
0.274897
0.511347
0.121762
0.410476
0.669813
0.994163
0.987360
0.881899
0.019482
0.359839
0.337158
0.003433
0.830740
0.655156
0.973214
0.862831
0.657833
0.219629
0.256562
0.564620
0.715745
0.251187
0.289520
0.067826
0.906044
0.496741
0.710658
0.198112
0.984217
0.911703
0.569190
0.036133
0.188485
0.656643
0.471933
0.859206
0.864800
0.453295
0.182189
0.583273
0.416073
0.786852
0.146104
0.748083
0.110851
0.276248
0.158912
0.744500
0.498749
0.868454
0.995276
0.509010
0.718443
0.366418
0.576023
0.341507
0.760334
0.070681
0.345438
0.072301
0.856037
0.699377
0.463522
0.693004
0.638569
0.754055
0.106063
0.786006
0.754970
0.705125
0.138862
0.052609
0.883794
0.201758
0.660714
0.399435
0.134496
0.081253
0.095280
0.068267
0.492651
0.718493
0.861634
0.945364
0.316518
0.634321
0.653063
0.431939
0.244551
0.827433
0.808814
0.423861
0.845858
0.992578
0.999474
0.766922
0.374232
0.492349
0.564648
0.811459
0.412937
0.685919
0.507746
0.621486
0.009776
0.489067
0.280023
0.065902
0.444901
0.099229
0.413639
0.321233
0.911673
0.636271
0.672168
0.032758
0.944928
0.076338
0.882905
0.872204
0.585737
0.520744
0.031097
0.391082
0.422936
0.313226
0.367780
0.599481
0.023584
0.150555
0.727886
0.315082
0.990366
0.263373
0.248931
0.937211
0.893178
0.831156
0.072785
0.893408
0.331645
