0.555726
0.411858
0.321098
0.505029
0.474720
0.348077
0.755084
0.765120
0.755766
0.275311
0.917856
0.379377
0.154415
0.365050
0.955829
0.042859
0.355449
0.880061
0.963934
0.633202
0.656178
0.146836
0.569836
0.980030
0.544703
0.410998
0.992957
0.245794
0.173643
0.380302
0.488847
0.784161
0.428322
0.516221
0.659929
0.914547
0.392493
0.522304
0.956845
0.218481
0.952075
0.746100
0.852428
0.125107
0.152470
0.277834
0.452879
0.665432
0.121616
0.220682
0.117219
0.694021
0.649546
0.779829
0.004922
0.980318
0.968785
0.624637
0.775599
0.763375
0.937275
0.378478
0.833858
0.434171
0.510026
0.185504
0.867221
0.821754
0.995620
0.336071
0.907983
0.326908
0.649965
0.700860
0.309686
0.472500
0.657517
0.292376
0.063564
0.983210
0.945455
0.336015
0.973334
0.708999
0.092061
0.583483
0.983623
0.784751
0.804502
0.797339
0.521731
0.961297
0.034332
0.387158
0.918178
0.081672
0.173066
0.936640
0.683604
0.796606
0.902255
0.208951
0.880858
0.937312
0.078040
0.731609
0.312976
0.204945
0.503975
0.832066
0.181863
0.867680
0.638623
0.218393
0.090845
0.074394
0.479529
0.180374
0.005539
0.080211
0.949678
0.886818
0.407590
0.730226
0.389092
0.405610
0.381436
0.802991
0.410108
0.003988
0.469983
0.213820
0.869579
0.793718
0.445684
0.937255
0.357128
0.090386
0.052463
0.386435
0.492356
0.148632
0.060332
0.653998
0.180156
0.636595
0.837001
0.728044
0.858308
0.316137
0.246032
0.390954
0.357652
0.895450
0.755666
0.252862
0.996524
0.756390
0.139664
0.292198
0.841956
0.862910
0.817360
0.958849
0.438689
0.022208
0.890517
0.602390
0.424114
0.098037
0.736323
0.244796
0.830614
0.108943
0.420340
0.357716
0.946744
0.077423
0.186946
0.658441
0.696101
0.519864
0.121706
0.399898
0.863469
0.650011
0.798457
0.129473
0.461616
0.743606
0.071461
0.942969
0.498544
0.375981
0.327514
0.569708
0.440137
0.234296
0.758105
0.452727
0.861187
0.374399
0.741612
0.651736
0.610695
0.763966
0.505251
0.602137
0.726435
0.780020
0.924246
0.954476
0.793534
0.787922
0.560260
0.491115
0.089179
0.535877
0.960038
0.139959
0.987491
0.891762
0.189598
0.809388
0.333192
0.860672
0.936151
0.453799
0.731517
0.113915
0.416485
0.167331
0.542504
0.452099
0.073261
0.580417
0.581310
0.761862
0.777623
0.855918
0.501918
0.491983
0.842697
0.726529
0.887329
0.431207
0.518283
0.258937
0.121851
0.667384
0.742460
0.570879
0.126125
0.915356
0.213372
0.254495
0.841796
0.779074
0.058441
0.228432
0.786804
0.588549
0.834980
0.741496
0.442461
0.186624
0.793092
0.786049
0.329331
0.894025
0.397912
0.364775
0.323846
0.967560
0.709774
0.345333
0.463591
0.088347
0.635373
0.984874
0.452701
0.256105
0.893954
0.384125
0.246792
0.244974
0.408913
0.854348
0.733206
0.499649
0.109653
0.906513
0.942064
0.624177
0.611975
0.187605
0.995501
0.456287
0.189781
0.498708
0.835815
0.350691
0.468457
0.633819
0.376267
0.800088
0.337788
0.836156
0.523926
0.082175
0.507945
0.445827
0.521087
0.673004
0.969396
0.452201
0.194812
0.688480
0.814030
0.120128
0.595357
0.546844
0.685480
0.863194
0.500764
0.789762
0.492937
0.829607
0.603681
0.623157
0.535650
0.289476
0.252093
0.036325
0.438853
0.930416
0.594958
0.270530
0.443515
0.651265
0.954848
0.082949
0.431550
0.822722
0.020959
0.868872
0.789363
0.770196
0.713411
0.522215
0.253712
0.103595
0.878068
0.543982
0.540979
0.697226
0.208048
0.069651
0.199693
0.726008
0.251643
0.399120
0.165480
0.532377
0.636617
0.856960
0.439702
0.543215
0.979729
0.854164
0.039037
0.401854
0.972218
0.243893
0.039847
0.079382
0.139157
0.990547
0.253659
0.596706
0.120296
0.708494
0.184582
0.455073
0.547209
0.393324
0.027654
0.991334
0.120941
0.137172
0.433635
0.029645
0.260475
0.060285
0.190640
0.945050
0.993817
0.988000
0.505246
0.059559
0.346961
0.982134
0.448660
0.600303
0.527422
0.246272
0.744342
0.062973
0.932687
0.173469
0.368851
0.628994
0.941998
0.394537
0.261655
0.636605
0.922543
0.921849
0.135178
0.435057
0.355528
0.259066
0.594428
0.522389
0.743346
0.821565
0.182375
0.683226
0.054854
0.748658
0.734747
0.995872
0.239869
0.324179
0.722339
0.680989
0.171872
0.004428
0.810581
0.997056
0.182043
0.735573
0.891394
0.520275
0.082071
0.481040
0.348366
0.864822
0.754186
0.479212
0.078571
0.169818
0.310270
0.956275
0.440394
0.250222
0.719298
0.844960
0.317099
0.649940
0.394257
0.679149
0.015516
0.121005
0.502236
0.135024
0.967182
0.074530
0.670992
0.604656
0.798763
0.755345
0.540966
0.213844
0.498126
0.516817
0.573975
0.265376
0.944668
0.613685
0.314828
0.074117
0.273154
0.016655
0.439319
0.178164
0.212528
0.437820
0.511142
0.978121
0.461628
0.646149
0.876017
0.860742
0.063924
0.000063
0.995273
0.140300
0.024297
0.136456
0.180921
0.171064
0.021494
0.920503
0.689196
0.434900
0.662370
0.564915
0.929568
0.179660
0.530178
0.183324
0.138279
0.118165
0.805486
0.369544
0.022197
0.682807
0.640517
0.887584
0.202297
0.185013
0.930073
0.683622
0.286029
0.198739
0.523469
0.619027
0.794360
0.185525
0.742752
0.553804
0.351189
0.559975
0.080743
0.970269
0.787650
0.960442
0.797796
0.061715
0.283681
0.845405
0.861407
0.635406
0.966584
0.573216
0.478925
0.422994
0.201848
0.349296
0.242067
0.426053
0.169495
0.003896
0.724299
0.652584
0.007350
0.882670
0.430001
0.745201
0.887720
0.365717
0.502248
0.329423
0.153157
0.785818
0.450540
0.933880
0.483358
0.576003
0.240697
0.736658
0.552046
0.821854
0.259677
0.718810
0.720008
0.822120
0.629732
0.577557
0.078268
0.054617
0.315695
0.134099
0.317537
0.112727
0.664086
0.314972
0.178308
0.038391
0.994290
0.526243
0.744288
0.029266
0.613937
0.571235
0.271488
0.010239
0.870857
0.152383
0.698859
0.965263
0.237692
0.080476
0.899139
0.699307
0.234867
0.828184
0.726367
0.224145
0.711522
0.455321
0.338104
0.084163
0.744130
0.991452
0.994690
0.768337
0.636359
0.111321
0.825301
0.647589
0.507006
0.509631
0.871802
0.765795
0.057851
0.826011
0.586311
0.838296
0.422358
0.082888
0.849163
0.325448
0.918601
0.727448
0.076470
0.781725
0.696414
0.587537
0.847729
0.589455
0.186775
0.100071
0.060243
0.760144
0.110928
0.192261
0.002524
0.992250
0.367310
0.923676
0.165750
0.562934
0.531478
0.336881
0.657182
0.512316
0.040778
0.020496
0.754907
0.021111
0.287991
0.536061
0.669643
0.143171
0.857467
0.000866
0.366439
0.423840
0.145222
0.787367
0.335879
0.395017
0.681231
0.958587
0.585455
0.815079
0.730822
0.232658
0.134889
0.121166
0.058081
0.680906
0.988529
0.666613
0.332067
0.168344
0.989346
0.490647
0.070405
0.849846
0.516788
0.235413
0.276322
0.127055
0.028140
0.358712
0.765165
0.224135
0.637485
0.834811
0.244632
0.962494
0.240544
0.374215
0.327309
0.608217
0.170639
0.032326
0.979478
0.537845
0.014119
0.693779
0.478208
0.459252
0.216577
0.638235
0.410910
0.976486
0.169540
0.391876
0.547205
0.091730
0.848974
0.524729
0.748267
0.624239
0.188633
0.990577
0.237082
0.334898
0.515574
0.713985
0.254434
0.791762
0.488478
0.982478
0.322409
0.618834
0.174102
0.490441
0.531740
0.500672
0.635798
0.329248
0.213444
0.588021
0.127546
0.759926
0.595857
0.343458
0.642108
0.442603
0.052640
0.821269
0.339794
0.946908
0.619790
0.960946
0.019939
0.434852
0.051358
0.800830
0.401093
0.850314
0.846883
0.234407
0.079156
0.370165
0.688590
0.079843
0.112596
0.481278
0.494923
0.349006
0.386937
0.545542
0.614730
0.537757
0.639476
0.864685
0.040162
0.175403
0.758916
0.012468
0.218172
0.667195
0.249404
0.958167
0.677148
0.530246
0.495457
0.812650
0.819515
0.936195
0.839402
0.215655
0.979131
0.729947
0.550459
0.792688
0.799229
0.998505
0.851277
0.767708
0.919253
0.989458
0.697724
0.724525
0.576068
0.504771
0.352497
0.932670
0.904598
0.000844
0.373946
0.991384
0.168700
0.904683
0.483383
0.229531
0.663907
0.004324
0.042557
0.001160
0.791775
0.224082
0.220551
0.685471
0.646097
0.067921
0.799985
0.813939
0.677260
0.252338
0.131133
0.103088
0.972975
0.261404
0.260781
0.585584
0.664680
0.425345
0.645644
0.767910
0.669010
0.483926
0.824419
0.864050
0.178881
0.770291
0.837188
0.749070
0.171064
0.928177
0.896579
0.791090
0.086019
0.602494
0.238385
0.284917
0.482749
0.526754
0.837666
0.827140
0.581998
0.693620
0.899974
0.284773
0.146186
0.355636
0.549864
0.293903
0.301260
0.321865
0.046928
0.893558
0.095435
0.419338
0.471551
0.503394
0.010556
0.905948
0.938878
0.186987
0.207287
0.267762
0.572233
0.160400
0.862565
0.415024
0.230273
0.530894
0.296716
0.277051
0.228061
0.504513
0.360719
0.664391
0.662760
0.081182
0.623776
0.501710
0.745317
0.011097
0.857642
0.419984
0.253042
0.615670
0.452076
0.668301
0.681862
0.633816
0.520474
0.010082
0.908851
0.544412
0.824767
0.278751
0.562298
0.264707
0.519793
0.594210
0.013628
0.427988
0.734039
0.647028
0.674032
0.368641
0.691948
0.240012
0.294033
0.667510
0.935490
0.139228
0.572200
0.742860
0.240724
0.934580
0.733676
0.400015
0.458748
0.363490
0.868627
0.515959
0.385264
0.119086
0.081963
0.306721
0.848892
0.930024
0.069818
0.981896
0.647520
0.059364
0.162158
0.935559
0.145809
0.869261
0.298754
0.935776
0.266421
0.583243
0.284893
0.761339
0.881941
0.667082
0.639740
0.645824
0.510649
0.334073
0.767902
0.138652
0.273636
0.192731
0.502319
0.658208
0.445688
0.074472
0.094926
0.964163
0.544959
0.225125
0.153277
0.164897
0.445029
0.289066
0.452598
0.798630
0.803024
0.343771
0.276974
0.588564
0.680096
0.063906
0.572826
0.988246
0.382631
0.718958
