0.258323
0.405769
0.356169
0.873055
0.119058
0.703622
0.228484
0.155338
0.246402
0.646885
0.285886
0.837047
0.375337
0.056718
0.020674
0.639909
0.166963
0.068685
0.172401
0.640495
0.680519
0.975013
0.732643
0.626038
0.093338
0.663652
0.642635
0.672270
0.591343
0.937886
0.178393
0.317761
0.385529
0.063282
0.819996
0.926515
0.672365
0.354313
0.154139
0.175352
0.237790
0.515826
0.502834
0.880268
0.789061
0.950067
0.541085
0.423119
0.581531
0.058130
0.041687
0.951685
0.392505
0.380827
0.098084
0.100303
0.087244
0.489300
0.186703
0.607880
0.784458
0.255493
0.565690
0.300431
0.026620
0.481359
0.074348
0.750298
0.576868
0.210087
0.386929
0.681387
0.386310
0.219968
0.187129
0.604982
0.816253
0.039366
0.778662
0.305341
0.603929
0.954901
0.632847
0.673858
0.711613
0.119295
0.557844
0.051024
0.812097
0.522963
0.499420
0.585180
0.600949
0.254635
0.316834
0.183447
0.616153
0.513547
0.186778
0.690543
0.229580
0.541909
0.484765
0.513846
0.890924
0.825250
0.761189
0.463338
0.731805
0.138409
0.242498
0.708248
0.992821
0.366479
0.742624
0.676816
0.935780
0.085742
0.716338
0.764172
0.976872
0.827567
0.882994
0.736003
0.644386
0.849679
0.831555
0.864428
0.147760
0.947640
0.583852
0.936639
0.924205
0.749727
0.026021
0.104291
0.991461
0.930673
0.155963
0.913694
0.771564
0.959660
0.483047
0.205347
0.648610
0.763852
0.169968
0.533876
0.217429
0.502030
0.321237
0.622755
0.168074
0.882526
0.244490
0.605373
0.615688
0.998562
0.226789
0.062622
0.736681
0.280486
0.334236
0.959238
0.832121
0.734570
0.511288
0.300656
0.000761
0.532424
0.735931
0.131163
0.339448
0.648117
0.263259
0.744024
0.631875
0.843103
0.248468
0.941852
0.072970
0.985461
0.510084
0.523362
0.199844
0.379134
0.240653
0.976449
0.802781
0.328366
0.262434
0.208735
0.499018
0.075898
0.824420
0.898933
0.931533
0.737237
0.483237
0.569437
0.861059
0.728082
0.687410
0.477810
0.537082
0.983579
0.972448
0.322295
0.297680
0.974873
0.535026
0.727640
0.812553
0.542436
0.118002
0.094193
0.905986
0.802119
0.883760
0.848192
0.275069
0.917108
0.889448
0.789444
0.100894
0.381394
0.203395
0.579725
0.769286
0.320459
0.482114
0.499886
0.939740
0.812113
0.133436
0.388875
0.625001
0.815407
0.350823
0.772335
0.164812
0.775527
0.608260
0.552287
0.133378
0.181735
0.039895
0.850488
0.694123
0.410922
0.586510
0.470659
0.058154
0.848342
0.087887
0.912747
0.405569
0.700113
0.297389
0.409431
0.583720
0.125910
0.449511
0.008729
0.198948
0.469764
0.789228
0.715492
0.468732
0.780144
0.478424
0.656019
0.518602
0.469921
0.853493
0.047480
0.025983
0.570253
0.896645
0.546948
0.966904
0.833398
0.964744
0.999364
0.210851
0.356734
0.150324
0.274116
0.872912
0.302554
0.382075
0.663795
0.560021
0.587464
0.897645
0.710924
0.768129
0.714709
0.125292
0.442291
0.367929
0.341064
0.738089
0.147027
0.840564
0.021457
0.545961
0.574759
0.799823
0.750748
0.633394
0.505382
0.576752
0.873371
0.448314
0.161953
0.730830
0.498966
0.216912
0.088170
0.027981
0.934311
0.928321
0.454336
0.003832
0.047909
0.836521
0.078598
0.883656
0.696957
0.734744
0.393184
0.540448
0.572156
0.989681
0.243625
0.974972
0.247542
0.280342
0.784475
0.422932
0.047518
0.732175
0.814734
0.759169
0.761941
0.963446
0.004082
0.370985
0.245442
0.579883
0.210224
0.328610
0.945428
0.103059
0.971462
0.696474
0.843968
0.456741
0.896874
0.424107
0.172880
0.221788
0.683328
0.175508
0.715282
0.227980
0.696432
0.185013
0.828819
0.219879
0.268610
0.849906
0.770319
0.537458
0.380069
0.066560
0.681853
0.083302
0.085767
0.398497
0.797373
0.778818
0.548016
0.089514
0.812158
0.244162
0.730858
0.751796
0.073433
0.502244
0.706902
0.160953
0.072730
0.130725
0.381306
0.857644
0.774786
0.308836
0.492269
0.172894
0.729328
0.157954
0.138164
0.629324
0.497840
0.672844
0.174901
0.843674
0.375939
0.498723
0.624287
0.882272
0.275267
0.700279
0.400508
0.144326
0.511375
0.750281
0.232495
0.885835
0.602491
0.791466
0.817506
0.612808
0.399211
0.122976
0.575086
0.861112
0.008661
0.438087
0.542413
0.277122
0.356191
0.117539
0.221614
0.153782
0.408678
0.587643
0.939602
0.063677
0.780984
0.559630
0.675500
0.478889
0.023430
0.575068
0.707891
0.278305
0.992914
0.740800
0.796355
0.139720
0.778912
0.549734
0.224128
0.997624
0.448236
0.576703
0.051285
0.925432
0.098249
0.301997
0.869216
0.027157
0.593437
0.481566
0.944249
0.208105
0.866829
0.584472
0.868367
0.459633
0.783195
0.516517
0.409007
0.809369
0.103694
0.532365
0.832546
0.811471
0.056328
0.513605
0.049633
0.295651
0.091551
0.696705
0.849960
0.597109
0.520999
0.598455
0.140285
0.404919
0.864705
0.024543
0.477994
0.452367
0.321703
0.249024
0.751781
0.204911
0.105296
0.495766
0.629191
0.650877
0.825541
0.468496
0.090506
0.247665
0.595259
0.170600
0.135498
0.488711
0.986025
0.487320
0.631078
0.153448
0.342857
0.584683
0.908088
0.730287
0.714137
0.805614
0.319030
0.990873
0.584694
0.188541
0.432924
0.822302
0.743437
0.175830
0.078121
0.256449
0.716667
0.007101
0.309222
0.876138
0.703832
0.121719
0.417466
0.963673
0.569487
0.750031
0.212989
0.479437
0.186281
0.920305
0.463518
0.916403
0.052493
0.269124
0.704321
0.363219
0.941530
0.163266
0.320831
0.398492
0.242151
0.293032
0.006052
0.176980
0.121749
0.453381
0.338018
0.109001
0.559787
0.817024
0.581623
0.512151
0.337720
0.284003
0.267474
0.985499
0.650481
0.823531
0.637825
0.612674
0.290538
0.202255
0.324577
0.818154
0.210226
0.765799
0.888978
0.289714
0.082605
0.791391
0.658527
0.264586
0.861870
0.678531
0.635123
0.476331
0.275406
0.517382
0.733460
0.753619
0.570371
0.031833
0.847800
0.141194
0.981409
0.690830
0.985001
0.502084
0.901697
0.358965
0.308815
0.380172
0.972199
0.154456
0.574969
0.134491
0.606374
0.069610
0.185701
0.738482
0.840116
0.684212
0.943677
0.964555
0.791474
0.127490
0.907899
0.652119
0.020535
0.850526
0.627910
0.912216
0.944703
0.596764
0.204101
0.364027
0.427200
0.469551
0.932206
0.912917
0.060226
0.684856
0.507251
0.597293
0.356671
0.480459
0.539740
0.998179
0.669500
0.678862
0.227049
0.507840
0.722206
0.840800
0.461061
0.569255
0.511877
0.131466
0.758413
0.865811
0.824870
0.640845
0.468231
0.566912
0.085988
0.833073
0.041947
0.963316
0.067917
0.288594
0.272662
0.249183
0.736841
0.800707
0.136175
0.884764
0.695275
0.673889
0.970274
0.029042
0.715113
0.014427
0.420401
0.682885
0.215656
0.227781
0.443285
0.822384
0.037580
0.637071
0.242808
0.942021
0.559624
0.574726
0.981346
0.484208
0.327634
0.120845
0.322156
0.363004
0.863142
0.157972
0.100456
0.757855
0.112899
0.780057
0.965419
0.190136
0.649222
0.838038
0.581962
0.426670
0.641273
0.929177
0.322933
0.866093
0.367451
0.822052
0.727707
0.691075
0.984324
0.941186
0.422931
0.872931
0.506870
0.018649
0.189561
0.920485
0.824262
0.131983
0.136326
0.038123
0.694361
0.655480
0.502177
0.965988
0.540800
0.080718
0.001270
0.923655
0.555558
0.346489
0.026111
0.010740
0.347287
0.392052
0.191401
0.418234
0.615059
0.408662
0.280497
0.956124
0.458156
0.563909
0.307570
0.229767
0.826238
0.400375
0.275808
0.676984
0.568947
0.415842
0.763419
0.658603
0.862228
0.842201
0.721776
0.581863
0.336383
0.563216
0.969210
0.491392
0.306136
0.339364
0.936163
0.028690
0.128286
0.311790
0.807236
0.140379
0.827779
0.331058
0.219966
0.147881
0.342560
0.710927
0.318983
0.414873
0.158488
0.316324
0.301964
0.921452
0.366748
0.967320
0.381095
0.106921
0.248428
0.350698
0.135580
0.877090
0.100367
0.085018
0.871628
0.689687
0.958717
0.494096
0.941590
0.860109
0.708433
0.802122
0.159813
0.263810
0.957723
0.977948
0.570379
0.093461
0.064581
0.664657
0.237931
0.132248
0.312954
0.650257
0.728709
0.579503
0.722025
0.573422
0.992733
0.482285
0.191681
0.972766
0.042758
0.830151
0.857402
0.768310
0.246885
0.695914
0.533522
0.551245
0.440540
0.729486
0.377495
0.087693
0.032066
0.728739
0.225655
0.236404
0.944937
0.106643
0.445114
0.282852
0.248727
0.288351
0.917714
0.408816
0.074033
0.646727
0.652714
0.305408
0.257608
0.591908
0.950605
0.031542
0.333009
0.390466
0.814423
0.685349
0.663758
0.536020
0.491785
0.095988
0.370525
0.236817
0.874478
0.903273
0.847346
0.211074
0.775008
0.401577
0.552990
0.607829
0.650971
0.984277
0.149265
0.425086
0.449339
0.913799
0.735463
0.732706
0.620470
0.666669
0.228978
0.189093
0.718239
0.163453
0.204746
0.845511
0.600839
0.052002
0.310802
0.841186
0.445511
0.016074
0.160393
0.208295
0.896075
0.026979
0.396122
0.956913
0.823851
0.754701
0.274261
0.576008
0.394870
0.490472
0.595382
0.235458
0.742458
0.901954
0.582371
0.036611
0.518817
0.611997
0.714969
0.359895
0.451806
0.407361
0.843200
0.741349
0.102154
0.360163
0.730237
0.993624
0.178603
0.737114
0.911174
0.675925
0.030402
0.377609
0.153876
0.263790
0.358989
0.610232
0.957370
0.043953
0.240675
0.136098
0.259064
0.021215
0.095932
0.726769
0.008948
0.841708
0.054356
0.999034
0.524617
0.150457
0.500312
0.550605
0.629876
0.370976
0.530916
0.202508
0.981731
0.143021
0.988131
0.696794
0.569392
0.983271
0.539140
0.098341
0.072709
0.167095
0.409337
0.659257
0.326186
0.633304
0.412178
0.038961
0.041577
0.491637
0.857880
0.506854
0.880244
0.714561
0.655341
0.502016
0.492600
0.685493
0.889624
0.207827
0.874455
0.341764
0.846716
0.626862
0.966086
0.340240
0.136063
0.936840
0.810058
0.198907
0.219301
0.639020
0.570861
