0.589510
0.991495
0.719400
0.891357
0.586741
0.978523
0.345153
0.274612
0.348710
0.526774
0.578060
0.405100
0.520781
0.138970
0.898540
0.402036
0.779688
0.574544
0.601709
0.310358
0.604573
0.750056
0.091165
0.428436
0.100586
0.093974
0.489830
0.148255
0.680735
0.860106
0.795487
0.801392
0.570361
0.862961
0.593713
0.241575
0.406038
0.331477
0.492768
0.916656
0.666929
0.487956
0.445860
0.504921
0.425917
0.912879
0.886689
0.361776
0.865912
0.781038
0.156805
0.131127
0.839713
0.375967
0.018710
0.904243
0.904049
0.567283
0.631716
0.015145
0.975271
0.570763
0.035681
0.457695
0.967510
0.542017
0.110824
0.310025
0.878871
0.694390
0.218807
0.948913
0.697279
0.840451
0.043897
0.865167
0.817114
0.158664
0.058212
0.107877
0.081351
0.632274
0.981972
0.491363
0.917929
0.070839
0.387213
0.296616
0.583798
0.005328
0.595760
0.821669
0.727447
0.196806
0.998021
0.519282
0.400151
0.283612
0.118376
0.750045
0.694361
0.767004
0.007178
0.645982
0.638917
0.052564
0.978151
0.675970
0.718308
0.946218
0.692222
0.491936
0.599452
0.006456
0.279853
0.561221
0.249157
0.139249
0.707520
0.638806
0.056442
0.311096
0.809143
0.811085
0.500153
0.212635
0.018454
0.525665
0.522209
0.973520
0.208563
0.848855
0.396212
0.748324
0.215095
0.733510
0.731180
0.089944
0.028278
0.920289
0.207710
0.631019
0.225280
0.215414
0.156319
0.188733
0.312477
0.133983
0.581616
0.867618
0.528334
0.833972
0.571120
0.375159
0.599342
0.240775
0.729588
0.430737
0.799796
0.223498
0.244883
0.020659
0.218805
0.179847
0.458941
0.558036
0.537718
0.297600
0.023970
0.323009
0.051424
0.915231
0.014091
0.521411
0.062055
0.417811
0.477482
0.902350
0.234958
0.681260
0.608936
0.020746
0.813525
0.480554
0.961768
0.580177
0.285119
0.119060
0.466862
0.059603
0.445612
0.590392
0.111878
0.891102
0.979627
0.325966
0.956974
0.064981
0.208397
0.955867
0.558506
0.918477
0.595196
0.182011
0.302761
0.429356
0.148771
0.846100
0.634049
0.203928
0.299373
0.204550
0.219709
0.646327
0.480957
0.254810
0.706283
0.227475
0.778316
0.232279
0.077936
0.248115
0.754863
0.955166
0.800269
0.803553
0.259976
0.130630
0.119791
0.232010
0.868325
0.490756
0.415294
0.331242
0.455569
0.028836
0.655291
0.597142
0.730330
0.098481
0.787593
0.005857
0.891852
0.070422
0.682379
0.989518
0.905229
0.048062
0.556711
0.418463
0.421046
0.543849
0.944763
0.073624
0.926422
0.202132
0.550861
0.632181
0.372827
0.486522
0.570106
0.782695
0.857590
0.636848
0.768367
0.075754
0.714983
0.888743
0.456936
0.494695
0.940339
0.176513
0.550748
0.707483
0.833226
0.547342
0.429731
0.184115
0.095984
0.515367
0.542702
0.815834
0.870952
0.190555
0.216209
0.992330
0.908637
0.679162
0.318188
0.537463
0.611812
0.304699
0.765882
0.424237
0.993756
0.995529
0.142712
0.645663
0.607857
0.249903
0.223559
0.018444
0.117963
0.447779
0.220433
0.231072
0.162112
0.127693
0.198132
0.775614
0.212568
0.211176
0.328644
0.758920
0.848394
0.682404
0.553971
0.714714
0.394709
0.348778
0.884990
0.144816
0.418436
0.886707
0.087010
0.351539
0.791331
0.771418
0.712970
0.211621
0.135032
0.528277
0.434626
0.226735
0.863254
0.581700
0.914425
0.099354
0.081653
0.470442
0.630432
0.550420
0.414694
0.190934
0.845722
0.690009
0.251592
0.999794
0.515886
0.454007
0.877171
0.551017
0.653320
0.434733
0.562685
0.528027
0.002061
0.371046
0.677700
0.334585
0.017197
0.750532
0.124694
0.685500
0.481819
0.061236
0.516742
0.373262
0.668394
0.117039
0.413225
0.365543
0.812275
0.649968
0.227489
0.720984
0.070854
0.446920
0.401164
0.021654
0.713441
0.468069
0.841122
0.587307
0.069275
0.515657
0.633707
0.034607
0.078855
0.685422
0.375219
0.463354
0.672535
0.236743
0.947883
0.523764
0.298355
0.110523
0.989957
0.740448
0.212780
0.525892
0.976202
0.216233
0.754003
0.407962
0.394881
0.605133
0.871681
0.205602
0.454805
0.392727
0.693064
0.293259
0.059363
0.917951
0.240386
0.667369
0.053205
0.110874
0.823882
0.945992
0.356469
0.690482
0.625195
0.736019
0.496345
0.456160
0.643660
0.394983
0.833971
0.615736
0.126892
0.156614
0.137948
0.892541
0.500023
0.678641
0.461184
0.859545
0.590524
0.706963
0.008338
0.232536
0.803862
0.609190
0.431165
0.681188
0.129758
0.132353
0.823232
0.350247
0.973456
0.862794
0.488624
0.640441
0.138128
0.584477
0.440469
0.944927
0.316128
0.202607
0.586333
0.070405
0.553699
0.963465
0.828049
0.890347
0.560996
0.508160
0.341269
0.091901
0.329853
0.339501
0.918959
0.404838
0.142042
0.737832
0.529492
0.530570
0.433933
0.965942
0.453367
0.092393
0.849136
0.749277
0.922387
0.937917
0.509650
0.355271
0.058454
0.128866
0.374385
0.629487
0.385766
0.861220
0.358565
0.683927
0.295662
0.800797
0.576629
0.680756
0.648086
0.294162
0.762983
0.377941
0.343162
0.459495
0.192062
0.709460
0.217246
0.096079
0.448764
0.573029
0.750889
0.213598
0.347456
0.300418
0.718089
0.167701
0.285882
0.789241
0.049591
0.341523
0.462418
0.635309
0.152280
0.206448
0.304716
0.277053
0.840945
0.861947
0.628638
0.361110
0.142566
0.399178
0.314003
0.658054
0.528316
0.582960
0.904910
0.965015
0.507948
0.182072
0.507877
0.164712
0.208406
0.862908
0.679782
0.938483
0.690421
0.472978
0.401011
0.243254
0.715402
0.845362
0.715721
0.740656
0.797636
0.609618
0.508328
0.876415
0.243281
0.754036
0.700640
0.271675
0.816612
0.375217
0.401173
0.619599
0.517428
0.363583
0.792197
0.759420
0.573845
0.824678
0.879246
0.018361
0.435121
0.835658
0.695580
0.101147
0.298254
0.045317
0.458147
0.566489
0.066396
0.743843
0.418015
0.094995
0.645473
0.047575
0.737663
0.897910
0.264209
0.393424
0.643471
0.745052
0.822363
0.720901
0.238769
0.160342
0.410065
0.596983
0.963674
0.725561
0.415645
0.747985
0.970699
0.123391
0.892359
0.061946
0.822702
0.987358
0.288045
0.321722
0.738371
0.438748
0.062905
0.637207
0.571891
0.572549
0.064416
0.445710
0.690063
0.622399
0.272479
0.727569
0.947786
0.611811
0.209712
0.944276
0.327399
0.797339
0.913168
0.258305
0.873429
0.922084
0.133181
0.496444
0.975192
0.765391
0.455550
0.528475
0.492889
0.083196
0.642849
0.881553
0.150103
0.376998
0.005220
0.652172
0.244587
0.812102
0.163442
0.122045
0.739791
0.589004
0.310839
0.253516
0.246541
0.724489
0.351514
0.254889
0.247118
0.388978
0.685322
0.852149
0.330042
0.034448
0.000596
0.809658
0.409771
0.282816
0.720800
0.617612
0.640379
0.657734
0.563227
0.706611
0.727653
0.513467
0.507760
0.190417
0.427864
0.854228
0.884298
0.940429
0.206548
0.692891
0.653898
0.740438
0.538132
0.988710
0.633821
0.392191
0.695388
0.698062
0.613574
0.168585
0.222235
0.336475
0.896142
0.244904
0.808403
0.360702
0.838660
0.473107
0.284954
0.567733
0.625839
0.063220
0.094879
0.242022
0.898446
0.719847
0.535265
0.395429
0.644073
0.679116
0.922294
0.379767
0.678268
0.077156
0.130918
0.801815
0.686510
0.184371
0.403739
0.177198
0.694817
0.511930
0.541395
0.193486
0.553725
0.620035
0.808993
0.644217
0.388862
0.016738
0.815410
0.777168
0.782814
0.451858
0.657034
0.995026
0.292667
0.816307
0.879231
0.085644
0.416210
0.031897
0.225151
0.361016
0.359522
0.421643
0.306699
0.977301
0.370310
0.123509
0.036019
0.529434
0.883181
0.809088
0.880490
0.900910
0.172107
0.039551
0.563642
0.383806
0.063388
0.639976
0.413065
0.919957
0.844141
0.865275
0.568276
0.151344
0.504778
0.696607
0.286217
0.941323
0.932117
0.600247
0.167316
0.160807
0.378528
0.345806
0.818393
0.223067
0.071756
0.808447
0.408326
0.806992
0.822066
0.094258
0.268833
0.782525
0.069530
0.588032
0.430865
0.986027
0.681396
0.827453
0.801201
0.727802
0.083912
0.063205
0.272756
0.442210
0.364088
0.686244
0.817269
0.936369
0.111654
0.140924
0.636667
0.177716
0.668945
0.168044
0.504514
0.265131
0.389575
0.421851
0.907187
0.501722
0.673635
0.723970
0.437953
0.212782
0.863124
0.644283
0.707381
0.373685
0.395682
0.438616
0.310032
0.878263
0.169929
0.653018
0.940557
0.719102
0.097847
0.880007
0.052414
0.606540
0.566007
0.290739
0.938719
0.030446
0.346713
0.569759
0.258670
0.724269
0.163426
0.903528
0.393043
0.173480
0.901186
0.327187
0.842884
0.719218
0.605057
0.259768
0.300213
0.876624
0.819971
0.240297
0.265403
0.922515
0.626011
0.337244
0.563032
0.988044
0.275374
0.454532
0.409942
0.312474
0.472207
0.683875
0.286491
0.456936
0.858893
0.645230
0.904099
0.605890
0.053058
0.538874
0.659032
0.109364
0.018083
0.284007
0.460152
0.349526
0.948808
0.691460
0.849821
0.218527
0.430668
0.361116
0.488757
0.959431
0.980277
0.805023
0.443362
0.444692
0.954840
0.863363
0.135225
0.816538
0.452060
0.678725
0.326118
0.405926
0.392986
0.118640
0.566068
0.629154
0.725264
0.204989
0.810601
0.746562
0.826456
0.434396
0.165403
0.324935
0.020118
0.461570
0.001672
0.630128
0.615285
0.090781
0.056858
0.843824
0.450278
0.996092
0.843376
0.960886
0.171295
0.250630
0.971802
0.930399
0.506941
0.348962
0.623684
0.227414
0.864022
0.168528
0.530552
0.039887
0.076126
0.810795
0.500216
0.469553
0.361930
0.983064
0.780022
0.313020
0.703710
0.033367
0.004033
0.356138
0.889704
0.259806
0.687585
0.443189
0.018853
0.362141
0.634838
0.467799
0.419806
0.163754
0.970174
0.659380
0.429170
0.285546
0.285484
0.534693
0.681102
0.888369
0.008062
0.476129
0.961979
0.433523
0.121401
0.745982
0.568804
0.902835
0.729073
0.480972
0.991110
0.216908
0.155463
0.823389
0.922662
0.161980
0.641787
0.057946
0.589937
0.504004
