0.683283
0.748670
0.275392
0.368432
0.130617
0.855067
0.764515
0.248133
0.334321
0.906995
0.786680
0.142397
0.959887
0.330378
0.418536
0.263638
0.037893
0.693386
0.220449
0.074281
0.341595
0.959869
0.999579
0.648060
0.979696
0.746089
0.278748
0.795430
0.681480
0.432704
0.318589
0.260255
0.635902
0.520489
0.345307
0.014672
0.723108
0.104673
0.738160
0.828991
0.796051
0.282862
0.486505
0.566722
0.075693
0.560937
0.823885
0.665959
0.368220
0.820458
0.528761
0.853329
0.232899
0.363910
0.662151
0.593105
0.413376
0.268294
0.563840
0.323100
0.627612
0.409059
0.969375
0.405497
0.100148
0.245674
0.928914
0.619392
0.378081
0.918206
0.785707
0.571677
0.080504
0.057077
0.271355
0.930357
0.205522
0.593821
0.308703
0.995009
0.380107
0.091629
0.216925
0.241138
0.202532
0.466051
0.684987
0.668720
0.909278
0.296952
0.047917
0.016540
0.980051
0.630702
0.691938
0.097170
0.257671
0.667102
0.956247
0.818999
0.058446
0.206818
0.019076
0.021911
0.512747
0.720965
0.856547
0.965448
0.268595
0.895702
0.444207
0.597529
0.312604
0.979873
0.449793
0.406429
0.886377
0.787611
0.904081
0.935154
0.011162
0.275734
0.468177
0.448585
0.237437
0.726515
0.360755
0.310708
0.335890
0.415545
0.885106
0.795959
0.286446
0.485500
0.743912
0.739539
0.602925
0.875371
0.709926
0.187440
0.737572
0.820696
0.910803
0.875395
0.687306
0.257793
0.524435
0.819362
0.262836
0.030298
0.293564
0.156384
0.254446
0.382416
0.055417
0.338748
0.009333
0.460262
0.832889
0.071092
0.113591
0.452659
0.039850
0.581512
0.801137
0.060948
0.124920
0.183133
0.021333
0.014964
0.510067
0.553005
0.020111
0.570309
0.542020
0.858436
0.341014
0.376555
0.328229
0.556648
0.433418
0.197514
0.998649
0.944623
0.035785
0.423380
0.994329
0.968306
0.816584
0.216033
0.735379
0.915742
0.197311
0.805215
0.892400
0.126799
0.552689
0.440240
0.798240
0.943958
0.776451
0.553188
0.937405
0.091596
0.466818
0.518641
0.166575
0.674860
0.630678
0.937195
0.084559
0.794529
0.429992
0.800425
0.722690
0.139617
0.672505
0.807848
0.962557
0.930249
0.891891
0.852644
0.749328
0.012169
0.440608
0.981984
0.918435
0.682343
0.075808
0.574426
0.602055
0.986028
0.409985
0.253413
0.934174
0.412434
0.797965
0.030762
0.283925
0.038331
0.243397
0.140021
0.968133
0.835435
0.130015
0.380915
0.901749
0.323038
0.028729
0.262728
0.684425
0.181219
0.986240
0.732868
0.639225
0.681183
0.370355
0.066911
0.971285
0.596668
0.199991
0.084183
0.359154
0.311017
0.838447
0.646883
0.226094
0.063976
0.839630
0.186787
0.548420
0.618520
0.095290
0.957837
0.977084
0.385661
0.115482
0.321893
0.324066
0.390209
0.533537
0.393077
0.919916
0.740447
0.005613
0.007820
0.763810
0.482928
0.360256
0.606903
0.266047
0.670318
0.955278
0.177162
0.067226
0.077993
0.885483
0.039535
0.188213
0.106480
0.854109
0.635890
0.808801
0.561685
0.763210
0.644087
0.165659
0.928473
0.417392
0.509938
0.175105
0.849988
0.224278
0.495560
0.765471
0.383626
0.592547
0.809312
0.482663
0.401881
0.963659
0.271240
0.771896
0.016812
0.950197
0.627809
0.589241
0.226355
0.989078
0.759833
0.018993
0.025438
0.035111
0.171494
0.148870
0.122755
0.177538
0.651914
0.068064
0.050068
0.486854
0.661692
0.510682
0.964210
0.766545
0.356144
0.983641
0.130659
0.437266
0.290498
0.766029
0.273393
0.876172
0.661833
0.413960
0.303182
0.208093
0.980343
0.386799
0.876418
0.024531
0.737847
0.470509
0.740384
0.973919
0.258405
0.981324
0.884400
0.157689
0.450660
0.428964
0.577068
0.628732
0.368932
0.761812
0.470337
0.168478
0.917052
0.309138
0.908254
0.639730
0.104860
0.535313
0.718959
0.512947
0.920727
0.806730
0.727240
0.587465
0.355118
0.263425
0.082752
0.920277
0.249429
0.538744
0.770869
0.150758
0.391354
0.029398
0.264993
0.876591
0.106192
0.827451
0.612156
0.692415
0.414524
0.203725
0.361694
0.132412
0.239827
0.403012
0.648023
0.264339
0.666320
0.590837
0.573552
0.952274
0.527436
0.236405
0.413674
0.941479
0.851822
0.726400
0.523130
0.211633
0.029179
0.487782
0.838098
0.473250
0.816951
0.876497
0.421306
0.797985
0.103494
0.213809
0.008834
0.570393
0.359470
0.430538
0.603701
0.893727
0.265678
0.317496
0.192707
0.579415
0.757981
0.437312
0.244030
0.707658
0.568060
0.764806
0.606057
0.076965
0.278171
0.480658
0.452132
0.952596
0.157661
0.373323
0.645545
0.959921
0.136337
0.844659
0.458212
0.177476
0.033656
0.994260
0.552386
0.445843
0.971445
0.430508
0.772404
0.961170
0.732320
0.746355
0.164440
0.911253
0.470801
0.198105
0.506766
0.703556
0.320334
0.346963
0.067864
0.424900
0.451747
0.283140
0.520097
0.191424
0.877832
0.277420
0.145495
0.036417
0.278323
0.464039
0.812278
0.088668
0.964555
0.740868
0.546018
0.476275
0.187656
0.526609
0.310462
0.531041
0.077716
0.884420
0.064095
0.953818
0.757912
0.793655
0.554448
0.490021
0.986306
0.595825
0.540697
0.220444
0.629008
0.615420
0.097631
0.122122
0.447301
0.837300
0.816247
0.129991
0.672447
0.310212
0.496386
0.211373
0.084242
0.464566
0.612909
0.098387
0.368839
0.713631
0.279440
0.305984
0.868862
0.940931
0.618914
0.893471
0.221194
0.894392
0.898063
0.196820
0.465328
0.313311
0.305225
0.853402
0.227699
0.739599
0.890049
0.556173
0.926761
0.270066
0.543407
0.158908
0.592737
0.136993
0.984069
0.141155
0.581889
0.506886
0.383717
0.658359
0.600940
0.727184
0.878926
0.625298
0.848473
0.940645
0.053318
0.619240
0.636325
0.687758
0.582593
0.760721
0.321116
0.139642
0.644175
0.096904
0.147887
0.774251
0.302099
0.979493
0.734152
0.042339
0.950137
0.781699
0.047549
0.687067
0.347186
0.136846
0.892218
0.163191
0.875158
0.239770
0.420171
0.360764
0.901553
0.756727
0.780062
0.786474
0.343286
0.379869
0.510500
0.247933
0.366160
0.306693
0.358055
0.446952
0.621418
0.254176
0.830266
0.959262
0.896182
0.528157
0.355147
0.845757
0.867346
0.673427
0.112662
0.713101
0.136394
0.917536
0.036469
0.294542
0.410420
0.383490
0.416338
0.958819
0.475309
0.849789
0.366014
0.513078
0.533482
0.319000
0.343571
0.764287
0.720917
0.095079
0.669933
0.239283
0.712594
0.542377
0.907107
0.537757
0.572842
0.948265
0.499512
0.895806
0.320423
0.801820
0.389972
0.118163
0.941847
0.966552
0.725204
0.598640
0.536537
0.480401
0.012433
0.568020
0.737398
0.417049
0.799193
0.355485
0.593230
0.889337
0.754564
0.413808
0.049774
0.967343
0.369666
0.558416
0.727142
0.058599
0.801534
0.277935
0.967834
0.608748
0.846368
0.981080
0.635560
0.704660
0.623946
0.351860
0.579676
0.547534
0.692638
0.547104
0.207455
0.300405
0.501986
0.932423
0.707761
0.051451
0.684398
0.919528
0.858624
0.046881
0.196373
0.471407
0.352262
0.855728
0.507679
0.058938
0.643995
0.366618
0.400217
0.634870
0.942071
0.570001
0.894513
0.936728
0.061032
0.605622
0.813469
0.235683
0.653668
0.895563
0.484389
0.692567
0.983178
0.932610
0.345878
0.911248
0.311169
0.426421
0.237226
0.969298
0.599441
0.845680
0.111466
0.920351
0.458023
0.092808
0.910515
0.091208
0.084882
0.085806
0.641661
0.289436
0.103643
0.484231
0.346915
0.724232
0.808881
0.600512
0.111103
0.444114
0.123280
0.282844
0.316981
0.685851
0.050927
0.081725
0.092634
0.442409
0.460037
0.747453
0.867301
0.873119
0.269367
0.701254
0.873153
0.157551
0.072857
0.178809
0.955160
0.840320
0.824246
0.814219
0.070581
0.065073
0.358501
0.728784
0.323088
0.075070
0.315900
0.287507
0.635056
0.547281
0.764399
0.353761
0.490997
0.076748
0.054131
0.067199
0.117230
0.437652
0.270880
0.192467
0.004443
0.526069
0.214481
0.650822
0.690371
0.885536
0.026943
0.044617
0.151874
0.782547
0.777707
0.017523
0.658832
0.352369
0.719180
0.484109
0.285962
0.751526
0.231343
0.713471
0.203357
0.633909
0.857790
0.374271
0.600662
0.369563
0.408387
0.422445
0.925367
0.681343
0.752272
0.307232
0.343223
0.169271
0.573504
0.528660
0.739118
0.107528
0.356778
0.924640
0.412766
0.934772
0.569247
0.798517
0.585022
0.219019
0.478786
0.903115
0.368237
0.059515
0.781253
0.834450
0.599370
0.473971
0.991620
0.891478
0.636519
0.416170
0.801314
0.376536
0.209280
0.578846
0.296900
0.606945
0.157205
0.736697
0.072330
0.842491
0.276896
0.192477
0.697804
0.022163
0.744568
0.064471
0.020056
0.647817
0.253450
0.734490
0.188231
0.346853
0.003550
0.224935
0.156386
0.495896
0.158964
0.995403
0.536810
0.637873
0.906920
0.912901
0.751482
0.623424
0.003003
0.748382
0.909127
0.676549
0.035823
0.557287
0.143673
0.934020
0.537306
0.323114
0.254284
0.578881
0.682814
0.395572
0.851178
0.065849
0.220797
0.875731
0.286957
0.371194
0.447084
0.806501
0.372873
0.692445
0.702496
0.685495
0.279854
0.544113
0.003656
0.372015
0.092956
0.651707
0.034846
0.502827
0.773929
0.859846
0.310596
0.496544
0.234509
0.828964
0.388133
0.645547
0.581068
0.514629
0.253675
0.360016
0.171484
0.117491
0.477820
0.159762
0.082531
0.054711
0.260017
0.431782
0.235871
0.239602
0.958859
0.779389
0.804266
0.031694
0.655140
0.652125
0.523522
0.784854
0.104943
0.589023
0.930270
0.944847
0.146095
0.060894
0.870530
0.216765
0.330198
0.420433
0.416578
0.043591
0.158585
0.322557
0.785888
0.602666
0.061551
0.088394
0.125335
0.046888
0.213842
0.090924
0.442723
0.780955
0.721230
0.730093
0.780367
0.796225
0.592904
0.754169
0.118161
0.229606
0.648331
0.225306
0.759783
0.083899
0.229415
0.828888
0.570857
0.547037
0.981301
0.806770
0.228114
0.039569
0.308123
0.149869
0.100257
0.677980
0.241279
0.854016
0.223481
